#instance_name: normalized-10arraycomm_teq_tvars_less
#number_of_variables: 620
#number_of_Constraints: 341
#iteration elapsed_time averaged_inner_iteration_speed averaged_move_evaluation_speed local_objective local_violation global_objective global_violation primal_intensity dual_intensity performance update_status distance_from_current_solution distance_from_global_solution employing_local_solution_flag employing_global_solution_flag employing_previous_solution_flag is_enabled_penalty_coefficient_relaxing is_enabled_penalty_coefficient_tightening penalty_coefficient_reset_flag penalty_coefficient_relaxing_rate penalty_coefficient_tightening_rate is_enabled_forcibly_initial_modification number_of_initial_modification initial_tabu_tenure number_of_threads_move_update; averaged_number_of_threads_move_update; number_of_threads_move_evaluation averaged_number_of_threads_move_evaluation 
0 0.310166 69732.6 4.32342e+07 0 1 0 1 0.002775 0.0100058 0 0 0 0 0 1 0 1 0 0 0.96 1 1 15 30 1 1 2 1
1 0.366638 46974.3 3.24059e+07 0 1 0 1 0.0026472 0.00782317 0.0005 1 72 72 1 0 0 0 1 0 0.96 1 1 11 30 1 1 4 1.5
2 0.428566 40793.8 2.91361e+07 0 1 0 1 0.00260453 0.00732253 0 0 0 72 0 1 0 1 0 0 0.96 1 1 12 30 1 1 8 2.33333
3 0.519285 33641.7 2.44494e+07 0 1 0 1 0.00231126 0.00607108 0.0005 1 105 105 1 0 0 0 1 0 0.96 1 1 18 30 1 1 10 3.75
4 0.619631 29573 2.17229e+07 0 1 0 1 0.00234407 0.00624763 0 0 0 105 0 1 0 1 0 0 0.96 1 1 11 30 2 1 2 5
5 0.704861 28343.6 2.09569e+07 0 1 0 1 0.00233181 0.00596035 0.0005 1 111 111 1 0 0 0 1 0 0.96 1 1 21 30 4 1.16667 4 4.5
6 0.821399 25930.1 1.92539e+07 0 1 0 1 0.00224262 0.00562713 0.0005 1 198 233 1 0 0 0 1 0 0.96 1 1 15 30 8 1.57143 8 4.42857
7 1.03962 21104.5 1.57258e+07 0 1 0 1 0.00224905 0.00545059 0.0005 1 144 243 1 0 0 0 1 0 0.96 1 1 13 30 10 2.375 10 4.875
8 1.29581 17745.7 1.32588e+07 0 1 0 1 0.00225006 0.00534395 0 0 0 243 0 1 0 1 0 0 0.96 1 1 15 30 1 3.22222 1 5.44444
9 1.34014 18891.9 1.41452e+07 0 1 0 1 0.0022204 0.00518659 0.0005 1 91 91 1 0 0 0 1 0 0.96 1 1 18 30 2 3 2 5
10 1.42547 19231 1.44218e+07 0 1 0 1 0.0021588 0.0050627 0.0005 1 87 150 1 0 0 0 1 0 0.96 1 1 12 30 1 2.90909 2 4.72727
11 1.48291 19976.3 1.50054e+07 0 1 0 1 0.00213631 0.00497932 0.0005 1 96 184 1 0 0 0 1 0 0.96 1 1 21 30 4 2.75 4 4.5
12 1.60148 19697.1 1.48205e+07 0 1 0 1 0.00213798 0.00493692 0.0005 1 96 168 1 0 0 0 1 0 0.96 1 1 20 31 1 2.84615 4 4.46154
13 1.66397 20253.4 1.52557e+07 0 1 0 1 0.0020918 0.00480772 0.0005 1 72 156 1 0 0 0 1 0 0.96 1 1 13 30 1 2.71429 1 4.42857
14 1.71048 20993.8 1.58277e+07 0 1 0 1 0.00211474 0.0048454 0.0005 1 126 180 1 0 0 0 1 0 0.96 1 1 17 31 1 2.6 8 4.2
15 1.80136 21054.4 1.5891e+07 0 1 0 1 0.00212113 0.0049006 0 0 0 180 0 1 0 1 0 0 0.96 1 1 20 30 8 2.5 8 4.4375
16 2.02036 19552.8 1.47736e+07 0 1 0 1 0.00212884 0.00482553 0.0005 1 172 172 1 0 0 0 1 0 0.96 1 1 14 31 1 2.82353 1 4.64706
17 2.06461 20189.3 1.52628e+07 0 1 0 1 0.00212418 0.00483172 0.0005 1 109 217 1 0 0 0 1 0 0.96 1 1 11 30 1 2.72222 10 4.44444
18 2.16498 20175.3 1.52568e+07 0 1 0 1 0.00209304 0.00473182 0.0005 1 40 217 1 0 0 0 1 0 0.96 1 1 12 30 10 2.63158 10 4.73684
19 2.42223 18685.1 1.41389e+07 0 1 0 1 0.00210507 0.00476312 0.0005 1 40 205 1 0 0 0 1 0 0.96 1 1 16 31 1 3 1 5
20 2.46606 19225.7 1.45556e+07 0 1 0 1 0.00211615 0.00475782 0.0005 1 117 244 1 0 0 0 1 0 0.96 1 1 18 31 1 2.90476 1 4.80952
21 2.51232 19723.5 1.49345e+07 0 1 0 1 0.00210187 0.00473081 0.0005 1 134 250 1 0 0 0 1 0 0.96 1 1 17 30 1 2.81818 1 4.63636
22 2.5588 20199.2 1.52969e+07 0 1 0 1 0.00210224 0.00476639 0 0 0 250 0 1 0 1 0 0 0.96 1 1 12 30 1 2.73913 1 4.47826
23 2.60585 20650.8 1.56455e+07 0 1 0 1 0.00211112 0.00480558 0.0005 1 50 50 1 0 0 0 1 0 0.96 1 1 14 31 1 2.66667 1 4.33333
24 2.65204 21092.1 1.59811e+07 0 1 0 1 0.00210115 0.00479013 0.0005 1 144 164 1 0 0 0 1 0 0.96 1 1 17 30 1 2.6 1 4.2
25 2.69608 21535.7 1.63198e+07 0 1 0 1 0.00209206 0.00477481 0.0005 1 64 176 1 0 0 0 1 0 0.96 1 1 20 30 1 2.53846 1 4.07692
26 2.74053 21959.8 1.66457e+07 0 1 0 1 0.00209408 0.00480526 0 0 0 176 0 1 0 1 0 0 0.96 1 1 20 30 1 2.48148 1 3.96296
27 2.78443 22373.7 1.6964e+07 0 1 0 1 0.00207806 0.00476792 0.0005 1 71 71 1 0 0 0 1 0 0.96 1 1 10 30 1 2.42857 1 3.85714
28 2.82829 22773.7 1.72725e+07 0 1 0 1 0.00208497 0.0047814 0.0005 1 61 110 1 0 0 0 1 0 0.96 1 1 11 30 1 2.37931 1 3.75862
29 2.87213 23160.2 1.75702e+07 0 1 0 1 0.00207813 0.00474717 0.0005 1 48 144 1 0 0 0 1 0 0.96 1 1 20 30 1 2.33333 1 3.66667
30 2.91555 23537.8 1.78576e+07 0 1 0 1 0.00208343 0.00474329 0 0 0 144 0 1 0 1 0 0 0.96 1 1 8 30 1 2.29032 1 3.58065
31 2.95937 23899.5 1.81359e+07 0 1 0 1 0.00206856 0.00467712 0.0005 1 117 117 1 0 0 0 1 0 0.96 1 1 20 30 1 2.25 1 3.5
32 3.00297 24251.5 1.84043e+07 0 1 0 1 0.00207593 0.00470077 0.0005 1 148 217 1 0 0 0 1 0 0.96 1 1 17 31 1 2.21212 1 3.42424
33 3.04653 24592.7 1.86633e+07 0 1 0 1 0.0020751 0.00471303 0.0005 1 83 208 1 0 0 0 1 0 0.96 1 1 21 30 1 2.17647 1 3.35294
34 3.09149 24911 1.8904e+07 0 1 0 1 0.0020717 0.00468828 0.0005 1 64 194 1 0 0 0 1 0 0.96 1 1 17 30 1 2.14286 1 3.28571
35 3.13883 25198.2 1.91277e+07 0 1 0 1 0.00207937 0.00471112 0.0005 1 73 211 1 0 0 0 1 0 0.96 1 1 13 31 1 2.11111 1 3.22222
36 3.18518 25484.7 1.93448e+07 0 1 0 1 0.00207441 0.00469037 0.0005 1 103 204 1 0 0 0 1 0 0.96 1 1 19 30 1 2.08108 1 3.16216
37 3.23269 25752.2 1.95529e+07 0 1 0 1 0.00208176 0.004711 0.0005 1 62 206 1 0 0 0 1 0 0.96 1 1 16 31 1 2.05263 1 3.10526
38 3.28017 26011.4 1.97547e+07 0 1 0 1 0.00207658 0.00470845 0.0005 1 87 233 1 0 0 0 1 0 0.96 1 1 12 30 1 2.02564 1 3.05128
39 3.32714 26267 1.99495e+07 0 1 0 1 0.00208065 0.00470346 0.0005 1 47 210 1 0 0 0 1 0 0.96 1 1 12 31 1 2 1 3
40 3.37133 26538.5 2.01577e+07 0 1 0 1 0.00208099 0.00471268 0.0005 1 55 199 1 0 0 0 1 0 0.96 1 1 21 32 1 1.97561 1 2.95122
41 3.416 26798.4 2.03556e+07 0 1 0 1 0.00206901 0.00468692 0.0005 1 65 228 1 0 0 0 1 0 0.96 1 1 9 31 1 1.95238 1 2.90476
42 3.46286 27032.3 2.05345e+07 0 1 0 1 0.00207226 0.0046936 0 0 0 228 0 1 0 1 0 0 0.96 1 1 9 30 1 1.93023 1 2.86047
43 3.50991 27257.9 2.07076e+07 0 1 0 1 0.00206007 0.00464988 0.0005 1 117 117 1 0 0 0 1 0 0.96 1 1 19 30 1 1.90909 1 2.81818
44 3.55405 27501.3 2.08929e+07 0 1 0 1 0.00205978 0.00463577 0.0005 1 79 142 1 0 0 0 1 0 0.96 1 1 11 31 1 1.88889 1 2.77778
45 3.60168 27709.2 2.10549e+07 0 1 0 1 0.00205898 0.00461809 0.0005 1 135 191 1 0 0 0 1 0 0.96 1 1 21 32 1 1.86957 1 2.73913
46 3.64967 27908.2 2.12107e+07 0 1 0 1 0.00205711 0.0046128 0.0005 1 32 187 1 0 0 0 1 0 0.96 1 1 12 31 1 1.85106 1 2.70213
47 3.69687 28108.1 2.13648e+07 0 1 0 1 0.00205341 0.00459258 0.0005 1 136 209 1 0 0 0 1 0 0.96 1 1 11 30 1 1.83333 1 2.66667
48 3.74107 28327.1 2.1534e+07 0 1 0 1 0.00205595 0.00458724 0 0 0 209 0 1 0 1 0 0 0.96 1 1 21 30 1 1.81633 1 2.63265
49 3.78529 28540.4 2.1697e+07 0 1 0 1 0.00205171 0.00458389 0.0005 1 40 40 1 0 0 0 1 0 0.96 1 1 10 30 1 1.8 1 2.6
50 3.82832 28758 2.18621e+07 0 1 0 1 0.00205333 0.00459414 0.0005 1 99 107 1 0 0 0 1 0 0.96 1 1 16 31 1 1.78431 1 2.56863
51 3.87225 28963.2 2.20203e+07 0 1 0 1 0.00205323 0.00459578 0.0005 1 72 145 1 0 0 0 1 0 0.96 1 1 13 31 1 1.76923 1 2.53846
52 3.91616 29163.6 2.2174e+07 0 1 0 1 0.00204427 0.00455736 0.0005 1 121 172 1 0 0 0 1 0 0.96 1 1 10 30 1 1.75472 1 2.50943
53 3.96049 29355.7 2.23239e+07 0 1 0 1 0.00203994 0.00453812 0.0005 1 154 232 1 0 0 0 1 0 0.96 1 1 20 30 1 1.74074 1 2.48148
54 4.00595 29534.4 2.24604e+07 0 1 0 1 0.00204081 0.00455119 0 0 0 232 0 1 0 1 0 0 0.96 1 1 17 30 1 1.72727 1 2.45455
55 4.05018 29718.5 2.26042e+07 0 1 0 1 0.00204132 0.00453645 0.0005 1 57 57 1 0 0 0 1 0 0.96 1 1 15 31 1 1.71429 1 2.42857
56 4.09367 29904.1 2.27453e+07 0 1 0 1 0.00204304 0.00455169 0.0005 1 116 149 1 0 0 0 1 0 0.96 1 1 23 32 1 1.70175 1 2.40351
57 4.13741 30083.6 2.2883e+07 0 1 0 1 0.00203815 0.00456 0 0 0 149 0 1 0 1 0 0 0.96 1 1 10 31 1 1.68966 1 2.37931
58 4.18188 30253.3 2.30123e+07 0 1 0 1 0.00203909 0.0045689 0.0005 1 119 119 1 0 0 0 1 0 0.96 1 1 17 32 1 1.67797 1 2.35593
59 4.22835 30403.9 2.31272e+07 0 1 0 1 0.00203925 0.00457563 0.0005 1 78 145 1 0 0 0 1 0 0.96 1 1 16 33 1 1.66667 1 2.33333
60 4.27603 30541.7 2.32353e+07 0 1 0 1 0.0020413 0.00457405 0.0005 1 143 212 1 0 0 0 1 0 0.96 1 1 23 34 1 1.65574 1 2.31148
61 4.3231 30680.8 2.33405e+07 0 1 0 1 0.0020416 0.00457828 0 0 0 212 0 1 0 1 0 0 0.96 1 1 15 33 1 1.64516 1 2.29032
62 4.37045 30814.6 2.34431e+07 0 1 0 1 0.00203983 0.00456929 0.0005 1 189 189 1 0 0 0 1 0 0.96 1 1 11 32 1 1.63492 1 2.26984
63 4.41792 30944.5 2.35432e+07 0 1 0 1 0.00204238 0.00456845 0.001 1 229 268 1 0 0 0 1 0 0.96 1 1 14 32 1 1.625 1 2.25
64 4.46515 31073.2 2.36411e+07 0 1 0 1 0.00204661 0.00458275 0 0 0 268 0 1 0 1 0 0 0.96 1 1 17 31 1 1.61538 1 2.23077
65 4.50985 31217.7 2.37522e+07 0 1 0 1 0.00204245 0.00456257 0.0005 1 160 160 1 0 0 0 1 0 0.96 1 1 17 30 1 1.60606 1 2.21212
66 4.55475 31357.8 2.38601e+07 0 1 0 1 0.00204321 0.00455579 0 0 0 160 0 1 0 1 0 0 0.96 1 1 17 30 1 1.59701 1 2.19403
67 4.60126 31483.1 2.39559e+07 0 1 0 1 0.00204257 0.00456044 0.0005 1 82 82 1 0 0 0 1 0 0.96 1 1 15 30 1 1.58824 1 2.17647
68 4.64648 31615.1 2.4059e+07 0 1 0 1 0.00204407 0.004582 0 0 0 82 0 1 0 1 0 0 0.96 1 1 8 30 1 1.57971 1 2.15942
69 4.69314 31734.1 2.41506e+07 0 1 0 1 0.00204262 0.00457274 0.0005 1 59 59 1 0 0 0 1 0 0.96 1 1 16 30 1 1.57143 1 2.14286
70 4.73935 31853.8 2.42449e+07 0 1 0 1 0.00204327 0.00458288 0 0 0 59 0 1 0 1 0 0 0.96 1 1 9 30 1 1.56338 1 2.12676
71 4.78324 31987.5 2.43464e+07 0 1 0 1 0.00203773 0.00457238 0.0005 1 46 46 1 0 0 0 1 0 0.96 1 1 15 30 1 1.55556 1 2.11111
72 4.82781 32113.8 2.44436e+07 0 2 0 1 0.00203992 0.00457331 0.0005 1 87 89 1 0 0 0 1 0 0.96 1 1 20 31 1 1.54795 1 2.09589
73 4.87193 32240.9 2.45393e+07 0 2 0 1 0.00203798 0.00455926 0.0005 1 160 195 1 0 0 0 1 0 0.96 1 1 10 30 1 1.54054 1 2.08108
74 4.91685 32359.9 2.46319e+07 0 1 0 1 0.00203747 0.00454882 0.001 1 118 221 1 0 0 0 1 0 0.96 1 1 18 30 1 1.53333 1 2.06667
75 4.96337 32465.5 2.47134e+07 0 1 0 1 0.00203859 0.00453874 0.001 1 150 263 1 0 0 0 1 0 0.96 1 1 16 30 1 1.52632 1 2.05263
76 5.00926 32573.5 2.47953e+07 0 2 0 1 0.00204022 0.00454002 0.0005 1 56 265 1 0 0 0 1 0 0.96 1 1 13 31 1 1.51948 1 2.03896
77 5.05371 32689.1 2.48843e+07 0 2 0 1 0.00204345 0.00455019 0.0005 1 203 278 1 0 0 0 1 0 0.96 1 1 11 32 1 1.51282 1 2.02564
78 5.0979 32804.5 2.49727e+07 0 2 0 1 0.00204413 0.00455507 0.0005 1 169 289 1 0 0 0 1 0 0.96 1 1 17 32 1 1.50633 1 2.01266
79 5.14221 32916.9 2.506e+07 0 2 0 1 0.0020463 0.00454772 0 0 0 289 0 1 0 1 0 0 0.96 1 1 14 31 1 1.5 1 2
80 5.18676 33025.7 2.51446e+07 0 1 0 1 0.00204492 0.00454814 0.0005 1 165 165 1 0 0 0 1 0 0.96 1 1 9 30 1 1.49383 1 1.98765
81 5.2301 33140.6 2.52319e+07 0 1 0 1 0.00204108 0.00453019 0.001 1 21 154 1 0 0 0 1 0 0.96 1 1 14 30 1 1.4878 1 1.97561
82 5.27482 33244.3 2.53131e+07 0 2 0 1 0.00204334 0.00454545 0.0005 1 53 165 1 0 0 0 1 0 0.96 1 1 16 31 1 1.48193 1 1.96386
83 5.31868 33351.9 2.5395e+07 0 2 0 1 0.00204454 0.00453936 0.0005 1 114 229 1 0 0 0 1 0 0.96 1 1 9 31 1 1.47619 1 1.95238
84 5.36478 33442.8 2.54652e+07 0 2 0 1 0.00204624 0.00453659 0.001 1 130 261 1 0 0 0 1 0 0.96 1 1 23 32 1 1.47059 1 1.94118
85 5.41135 33529.1 2.553e+07 0 1 0 1 0.0020489 0.00454849 0.001 1 129 248 1 0 0 0 1 0 0.96 1 1 10 33 1 1.46512 1 1.93023
86 5.4578 33614.7 2.55933e+07 0 1 0 1 0.00204762 0.00454322 0 0 0 248 0 1 0 1 0 0 0.96 1 1 15 32 1 1.45977 1 1.91954
87 5.50358 33703 2.56601e+07 0 1 0 1 0.00204174 0.00452237 0.0005 1 147 147 1 0 0 0 1 0 0.96 1 1 13 31 1 1.45455 1 1.90909
88 5.55104 33778.9 2.57189e+07 0 1 0 1 0.00204083 0.00452956 0.001 1 169 202 1 0 0 0 1 0 0.96 1 1 18 30 1 1.44944 1 1.89888
89 5.59746 33860.2 2.57798e+07 0 1 0 1 0.00204152 0.00452987 0.001 1 127 213 1 0 0 0 1 0 0.96 1 1 11 31 1 1.44444 1 1.88889
90 5.64508 33932.5 2.58378e+07 0 2 0 1 0.00204203 0.00451794 0.0005 1 126 235 1 0 0 0 1 0 0.96 1 1 16 30 1 1.43956 1 1.87912
91 5.69243 34005.2 2.5894e+07 0 1 0 1 0.00204007 0.00451173 0.001 1 154 271 1 0 0 0 1 0 0.96 1 1 20 30 1 1.43478 1 1.86957
92 5.7405 34072.1 2.59471e+07 0 1 0 1 0.00204276 0.00451192 0.001 1 140 291 1 0 0 0 1 0 0.96 1 1 13 31 1 1.43011 1 1.86022
93 5.78612 34153 2.60095e+07 0 1 0 1 0.00204284 0.0045057 0.001 1 221 300 1 0 0 0 1 0 0.96 1 1 11 32 1 1.42553 1 1.85106
94 5.82958 34246 2.60791e+07 0 2 0 1 0.00204122 0.00450531 0.0005 1 174 332 1 0 0 0 1 0 0.96 1 1 19 31 1 1.42105 1 1.84211
95 5.87598 34319.4 2.61355e+07 0 2 0 1 0.00204501 0.00452562 0 0 0 332 0 1 0 1 0 0 0.96 1 1 8 30 1 1.41667 1 1.83333
96 5.92122 34398.8 2.61963e+07 0 1 0 1 0.0020453 0.00451612 0.0005 1 86 86 1 0 0 0 1 0 0.96 1 1 21 30 1 1.41237 1 1.82474
97 5.96559 34482.1 2.626e+07 0 1 0 1 0.00204447 0.00450366 0.001 1 191 215 1 0 0 0 1 0 0.96 1 1 11 30 1 1.40816 1 1.81633
98 6.01064 34560.1 2.63207e+07 0 1 0 1 0.00204449 0.00450121 0.001 1 59 212 1 0 0 0 1 0 0.96 1 1 18 31 1 1.40404 1 1.80808
99 6.05479 34642.2 2.63818e+07 0 1 0 1 0.00204518 0.00449897 0.0005 1 17 211 1 0 0 0 1 0 0.96 1 1 19 32 1 1.4 1 1.8
100 6.09994 34717.1 2.64403e+07 0 2 0 1 0.00204564 0.00450074 0.0005 1 171 254 1 0 0 0 1 0 0.96 1 1 13 33 1 1.39604 1 1.79208
101 6.14479 34792.7 2.64987e+07 0 1 0 1 0.0020452 0.00449658 0.001 1 148 274 1 0 0 0 1 0 0.96 1 1 17 32 1 1.39216 1 1.78431
102 6.18821 34875.5 2.65588e+07 0 2 0 1 0.00204444 0.00449123 0.001 1 115 291 1 0 0 0 1 0 0.96 1 1 13 31 1 1.38835 1 1.7767
103 6.23294 34949.5 2.66145e+07 0 1 0 1 0.00204252 0.00448798 0.0015 1 182 323 1 0 0 0 1 0 0.96 1 1 16 30 1 1.38462 1 1.76923
104 6.28005 35008.4 2.66593e+07 0 2 0 1 0.00204316 0.00448705 0.001 1 78 311 1 0 0 0 1 0 0.96 1 1 20 30 1 1.38095 1 1.7619
105 6.3268 35068.5 2.67044e+07 0 2 0 1 0.00204558 0.00447158 0 0 0 311 0 1 0 1 0 0 0.96 1 1 18 30 1 1.37736 1 1.75472
106 6.37216 35135.7 2.67569e+07 0 1 0 1 0.00204563 0.00446326 0 0 0 0 0 1 0 1 0 0 0.96 1 1 18 30 1 1.37383 1 1.74766
107 6.41525 35214.9 2.68165e+07 0 1 0 1 0.0020445 0.00444662 0.0005 1 99 99 1 0 0 0 1 0 0.96 1 1 12 31 1 1.37037 1 1.74074
108 6.46203 35272 2.68616e+07 0 2 0 1 0.00204382 0.0044442 0.001 1 120 159 1 0 0 0 1 0 0.96 1 1 15 32 1 1.36697 1 1.73394
109 6.50852 35329.8 2.69051e+07 0 1 0 1 0.00204381 0.00443773 0.001 1 56 147 1 0 0 0 1 0 0.96 1 1 17 31 1 1.36364 1 1.72727
110 6.5563 35379.5 2.69445e+07 0 2 0 1 0.00204323 0.00443434 0.0005 1 176 205 1 0 0 0 1 0 0.96 1 1 17 30 1 1.36036 1 1.72072
111 6.60033 35449.5 2.69979e+07 0 2 0 1 0.00204416 0.00443504 0.0015 1 46 209 1 0 0 0 1 0 0.96 1 1 21 31 1 1.35714 1 1.71429
112 6.64542 35512.6 2.7046e+07 0 2 0 1 0.00204701 0.00444555 0 0 0 209 0 1 0 1 0 0 0.96 1 1 21 30 1 1.35398 1 1.70796
113 6.69116 35571.2 2.7092e+07 0 1 0 1 0.00204867 0.00443436 0 0 0 0 0 1 0 1 0 0 0.96 1 1 13 30 1 1.35088 1 1.70175
114 6.7354 35637.3 2.71451e+07 0 1 0 1 0.00205196 0.00444452 0 0 0 0 0 1 0 1 0 0 0.864 1 1 9 30 1 1.34783 1 1.69565
115 6.77885 35706.8 2.71979e+07 0 1 0 1 0.00205068 0.0044291 0.0005 1 180 180 1 0 0 0 1 0 0.864 1 1 20 30 1 1.34483 1 1.68966
116 6.82242 35774.7 2.72488e+07 0 1 0 1 0.00205078 0.00442511 0.001 1 124 208 1 0 0 0 1 0 0.864 1 1 16 30 1 1.34188 1 1.68376
117 6.86946 35822.8 2.72868e+07 0 1 0 1 0.00205219 0.00441834 0.0015 1 64 220 1 0 0 0 1 0 0.864 1 1 16 31 1 1.33898 1 1.67797
118 6.91322 35888 2.73364e+07 0 1 0 1 0.00205328 0.00441696 0.0015 1 100 210 1 0 0 0 1 0 0.864 1 1 22 32 1 1.33613 1 1.67227
119 6.95727 35950.8 2.73847e+07 0 3 0 1 0.00205601 0.00442105 0.0005 1 108 238 1 0 0 0 1 0 0.864 1 1 8 33 1 1.33333 1 1.66667
120 7.00163 36011.1 2.74297e+07 0 3 0 1 0.00205893 0.00441838 0.0005 1 91 243 1 0 0 0 1 0 0.864 1 1 17 34 1 1.33058 1 1.66116
121 7.04826 36058.6 2.74655e+07 0 2 0 1 0.00206049 0.00441054 0.001 1 121 250 1 0 0 0 1 0 0.864 1 1 16 34 1 1.32787 1 1.65574
122 7.0955 36102.1 2.74988e+07 0 3 0 1 0.00206157 0.00441323 0.0005 1 106 252 1 0 0 0 1 0 0.864 1 1 16 35 1 1.3252 1 1.65041
123 7.14023 36158.2 2.75414e+07 0 3 0 1 0.00206157 0.00440816 0.0005 1 152 240 1 0 0 0 1 0 0.864 1 1 10 34 1 1.32258 1 1.64516
124 7.18497 36213.6 2.75863e+07 0 3 0 1 0.00206468 0.00442119 0 0 0 240 0 1 0 1 0 0 0.8736 1 1 9 33 1 1.32 1 1.64
125 7.22911 36271.4 2.76308e+07 0 1 0 1 0.0020625 0.00441045 0.0005 1 58 58 1 0 0 0 1 0 0.8736 1 1 21 32 1 1.31746 1 1.63492
126 7.27482 36320.3 2.76684e+07 0 2 0 1 0.00206147 0.00439636 0.001 1 160 182 1 0 0 0 1 0 0.8736 1 1 15 31 1 1.31496 1 1.62992
127 7.32233 36359.3 2.76988e+07 0 2 0 1 0.0020624 0.00439622 0.0015 1 149 215 1 0 0 0 1 0 0.8736 1 1 12 31 1 1.3125 1 1.625
128 7.36675 36413.6 2.77406e+07 0 3 0 1 0.00206399 0.00439942 0.001 1 91 230 1 0 0 0 1 0 0.8736 1 1 16 32 1 1.31008 1 1.62016
129 7.41153 36465.4 2.77804e+07 0 1 0 1 0.00206691 0.00441067 0.002 1 92 258 1 0 0 0 1 0 0.8736 1 1 21 33 1 1.30769 1 1.61538
130 7.4568 36514.1 2.78186e+07 0 2 0 1 0.00206845 0.00441079 0.0015 1 62 256 1 0 0 0 1 0 0.8736 1 1 22 34 1 1.30534 1 1.61069
131 7.50314 36556.7 2.78519e+07 0 2 0 1 0.00206913 0.00439948 0.0015 1 136 268 1 0 0 0 1 0 0.8736 1 1 15 35 1 1.30303 1 1.60606
132 7.54867 36602.9 2.78871e+07 0 2 0 1 0.0020698 0.00440121 0.001 1 179 275 1 0 0 0 1 0 0.8736 1 1 13 35 1 1.30075 1 1.6015
133 7.59252 36656.9 2.79265e+07 0 1 0 1 0.00206613 0.00438812 0.001 1 96 265 1 0 0 0 1 0 0.8736 1 1 14 34 1 1.29851 1 1.59701
134 7.63781 36703.1 2.79622e+07 0 2 0 1 0.00206541 0.00437778 0.001 1 150 305 1 0 0 0 1 0 0.8736 1 1 14 33 1 1.2963 1 1.59259
135 7.68445 36742 2.79919e+07 0 3 0 1 0.00206534 0.00437174 0.0005 1 147 284 1 0 0 0 1 0 0.8736 1 1 11 34 1 1.29412 1 1.58824
136 7.73134 36779.2 2.80199e+07 0 3 0 1 0.00206706 0.0043747 0.001 1 75 289 1 0 0 0 1 0 0.8736 1 1 21 35 1 1.29197 1 1.58394
137 7.77884 36813 2.80457e+07 0 2 0 1 0.00206833 0.00437935 0.0005 1 100 303 1 0 0 0 1 0 0.8736 1 1 18 36 1 1.28986 1 1.57971
138 7.82565 36849.7 2.80724e+07 0 2 0 1 0.0020708 0.00438644 0 0 0 303 0 1 0 1 0 0 0.88224 1 1 14 35 1 1.28777 1 1.57554
139 7.87319 36882.4 2.80986e+07 0 1 0 1 0.00207121 0.00438426 0.0005 1 162 162 1 0 0 0 1 0 0.88224 1 1 20 35 1 1.28571 1 1.57143
140 7.9198 36919.1 2.81267e+07 0 2 0 1 0.00206993 0.00437406 0.001 1 98 204 1 0 0 0 1 0 0.88224 1 1 16 34 1 1.28369 1 1.56738
141 7.96348 36969.6 2.81647e+07 0 1 0 1 0.00206618 0.00436228 0.001 1 68 224 1 0 0 0 1 0 0.88224 1 1 21 33 1 1.28169 1 1.56338
142 8.00954 37008 2.81944e+07 0 2 0 1 0.00206594 0.00435368 0.002 1 179 253 1 0 0 0 1 0 0.88224 1 1 16 32 1 1.27972 1 1.55944
143 8.0565 37041.7 2.82198e+07 0 3 0 1 0.00206677 0.00435249 0.001 1 160 265 1 0 0 0 1 0 0.88224 1 1 19 32 1 1.27778 1 1.55556
144 8.1023 37080.5 2.82497e+07 0 2 0 1 0.00206715 0.0043515 0.001 1 106 291 1 0 0 0 1 0 0.88224 1 1 20 32 1 1.27586 1 1.55172
145 8.14612 37128.2 2.82857e+07 0 3 0 1 0.00206966 0.00435546 0.0005 1 64 303 1 0 0 0 1 0 0.88224 1 1 19 33 1 1.27397 1 1.54795
146 8.19053 37172.6 2.83201e+07 0 3 0 1 0.00207244 0.00436502 0 0 0 303 0 1 0 1 0 0 0.890016 1 1 12 32 1 1.27211 1 1.54422
147 8.23776 37203.3 2.83447e+07 0 1 0 1 0.00207397 0.00436901 0.0005 1 173 173 1 0 0 0 1 0 0.890016 1 1 22 33 1 1.27027 1 1.54054
148 8.28614 37228.3 2.8365e+07 0 1 0 1 0.00207469 0.00436052 0.0025 1 185 226 1 0 0 0 1 0 0.890016 1 1 13 34 1 1.26846 1 1.53691
149 8.33084 37270.1 2.83973e+07 0 1 0 1 0.0020734 0.00435327 0.002 1 140 210 1 0 0 0 1 0 0.890016 1 1 15 33 1 1.26667 1 1.53333
150 8.37753 37302.2 2.8421e+07 0 1 0 1 0.00207184 0.00434566 0.0025 1 70 216 1 0 0 0 1 0 0.890016 1 1 15 32 1 1.2649 1 1.5298
151 8.42306 37339.2 2.84496e+07 0 3 0 1 0.00207195 0.00434127 0.001 1 75 239 1 0 0 0 1 0 0.890016 1 1 21 32 1 1.26316 1 1.52632
152 8.46768 37380 2.84804e+07 0 2 0 1 0.00207374 0.00434785 0.0025 1 170 249 1 0 0 0 1 0 0.890016 1 1 12 33 1 1.26144 1 1.52288
153 8.51182 37422.5 2.85136e+07 0 2 0 1 0.00207521 0.00434405 0.0015 1 101 248 1 0 0 0 1 0 0.890016 1 1 18 34 1 1.25974 1 1.51948
154 8.55734 37458.4 2.85399e+07 0 2 0 1 0.00207513 0.00434197 0.0015 1 128 242 1 0 0 0 1 0 0.890016 1 1 8 33 1 1.25806 1 1.51613
155 8.60186 37498.3 2.85714e+07 0 3 0 1 0.00207655 0.00433962 0.001 1 99 241 1 0 0 0 1 0 0.890016 1 1 21 34 1 1.25641 1 1.51282
156 8.6464 37537.7 2.86016e+07 0 1 0 1 0.00207802 0.00433708 0.002 1 165 266 1 0 0 0 1 0 0.890016 1 1 11 35 1 1.25478 1 1.50955
157 8.6913 37575.1 2.86305e+07 0 2 0 1 0.00207919 0.0043343 0.0015 1 125 275 1 0 0 0 1 0 0.890016 1 1 9 35 1 1.25316 1 1.50633
158 8.73752 37606.3 2.86543e+07 0 2 0 1 0.0020793 0.00433154 0.0015 1 131 290 1 0 0 0 1 0 0.890016 1 1 22 34 1 1.25157 1 1.50314
159 8.78199 37644.8 2.86845e+07 0 2 0 1 0.0020798 0.00433652 0 0 0 290 0 1 0 1 0 0 0.897014 1 1 18 33 1 1.25 1 1.5
160 8.82599 37685 2.87151e+07 0 1 0 1 0.0020787 0.00432802 0 0 0 0 0 1 0 1 0 0 0.903313 1 1 15 32 1 1.24845 1 1.49689
161 8.87245 37714 2.8737e+07 0 1 0 1 0.0020779 0.00432793 0.0005 1 184 184 1 0 0 0 1 0 0.903313 1 1 18 31 1 1.24691 1 1.49383
162 8.91649 37753.3 2.87655e+07 0 1 0 1 0.00207424 0.00431876 0.002 1 86 226 1 0 0 0 1 0 0.903313 1 1 13 30 1 1.2454 1 1.4908
163 8.96203 37785.7 2.87906e+07 0 1 0 1 0.00207446 0.00431921 0.0025 1 104 274 1 0 0 0 1 0 0.903313 1 1 21 30 1 1.2439 1 1.4878
164 9.00916 37810.8 2.88096e+07 0 2 0 1 0.00207515 0.00430952 0.0025 1 150 314 1 0 0 0 1 0 0.903313 1 1 19 31 1 1.24242 1 1.48485
165 9.05637 37835.3 2.8829e+07 0 2 0 1 0.0020761 0.00430775 0 0 0 314 0 1 0 1 0 0 0.908982 1 1 12 30 1 1.24096 1 1.48193
166 9.10062 37872.2 2.88564e+07 0 1 0 1 0.00207595 0.00430263 0.0005 1 131 131 1 0 0 0 1 0 0.908982 1 1 8 31 1 1.23952 1 1.47904
167 9.14836 37893.9 2.88734e+07 0 1 0 1 0.00207552 0.0042941 0.003 1 49 128 1 0 0 0 1 0 0.908982 1 1 18 30 1 1.2381 1 1.47619
168 9.19245 37930.8 2.89011e+07 0 1 0 1 0.00207665 0.00428938 0.0025 1 122 184 1 0 0 0 1 0 0.908982 1 1 10 31 1 1.23669 1 1.47337
169 9.23844 37959.3 2.89232e+07 0 1 0 1 0.00207759 0.00428608 0.0025 1 69 195 1 0 0 0 1 0 0.908982 1 1 8 32 1 1.23529 1 1.47059
170 9.28402 37989.3 2.89461e+07 0 4 0 1 0.00207657 0.00428057 0.0015 1 63 206 1 0 0 0 1 0 0.908982 1 1 18 31 1 1.23392 1 1.46784
171 9.33034 38015.9 2.89662e+07 0 2 0 1 0.00207755 0.00427866 0.003 1 176 228 1 0 0 0 1 0 0.908982 1 1 9 32 1 1.23256 1 1.46512
172 9.37584 38045.6 2.89892e+07 0 4 0 1 0.00207807 0.00427353 0.001 1 110 244 1 0 0 0 1 0 0.908982 1 1 22 33 1 1.23121 1 1.46243
173 9.42335 38066.6 2.90058e+07 0 2 0 1 0.00207886 0.00427235 0.002 1 71 249 1 0 0 0 1 0 0.908982 1 1 21 34 1 1.22989 1 1.45977
174 9.47074 38088 2.90216e+07 0 5 0 1 0.00207966 0.00427405 0.0005 1 107 244 1 0 0 0 1 0 0.908982 1 1 18 35 1 1.22857 1 1.45714
175 9.51785 38110.2 2.90377e+07 0 2 0 1 0.00208132 0.00428114 0.0025 1 188 310 1 0 0 0 1 0 0.908982 1 1 13 36 1 1.22727 1 1.45455
176 9.56452 38134.1 2.90551e+07 0 1 0 1 0.00208071 0.00427752 0.002 1 70 300 1 0 0 0 1 0 0.908982 1 1 11 35 1 1.22599 1 1.45198
177 9.61186 38155 2.90708e+07 0 2 0 1 0.00207846 0.00427447 0.003 1 81 319 1 0 0 0 1 0 0.908982 1 1 12 34 1 1.22472 1 1.44944
178 9.65841 38178.8 2.90891e+07 0 3 0 1 0.00207706 0.00426751 0.0025 1 142 305 1 0 0 0 1 0 0.908982 1 1 9 33 1 1.22346 1 1.44693
179 9.70377 38207.3 2.91114e+07 0 4 0 1 0.00207756 0.00426165 0.001 1 47 310 1 0 0 0 1 0 0.908982 1 1 11 34 1 1.22222 1 1.44444
180 9.75022 38231.1 2.91296e+07 0 1 0 1 0.00207727 0.0042563 0.003 1 94 306 1 0 0 0 1 0 0.908982 1 1 20 33 1 1.22099 1 1.44199
181 9.79445 38263.6 2.91545e+07 0 1 0 1 0.00207789 0.00425548 0.004 1 147 317 1 0 0 0 1 0 0.908982 1 1 21 34 1 1.21978 1 1.43956
182 9.83922 38293.6 2.91783e+07 0 2 0 1 0.00207963 0.00425662 0.002 1 69 306 1 0 0 0 1 0 0.908982 1 1 16 35 1 1.21858 1 1.43716
183 9.88533 38318 2.91969e+07 0 4 0 1 0.00208006 0.00425562 0.0015 1 76 292 1 0 0 0 1 0 0.908982 1 1 21 36 1 1.21739 1 1.43478
184 9.93224 38338.9 2.92121e+07 0 2 0 1 0.0020812 0.00425793 0.0035 1 146 328 1 0 0 0 1 0 0.908982 1 1 19 36 1 1.21622 1 1.43243
185 9.97782 38365 2.92317e+07 0 2 0 1 0.00208263 0.00426386 0.002 1 182 314 1 0 0 0 1 0 0.908982 1 1 9 37 1 1.21505 1 1.43011
186 10.0228 38393 2.92535e+07 0 5 0 1 0.00208402 0.00426686 0.001 1 94 312 1 0 0 0 1 0 0.908982 1 1 10 38 1 1.2139 1 1.42781
187 10.0676 38421.7 2.92748e+07 0 1 0 1 0.00208517 0.00426689 0.0025 1 113 305 1 0 0 0 1 0 0.908982 1 1 17 39 1 1.21277 1 1.42553
188 10.1114 38454.1 2.92979e+07 0 2 0 1 0.00208473 0.00426004 0.0035 1 138 329 1 1 0 0 1 1 0.908982 1 1 24 38 1 1.21164 1 1.42328
189 10.1557 38484.2 2.93213e+07 0 1 0 1 0.00208152 0.00425886 0 0 0 0 0 1 0 1 0 0 0.914083 1 1 9 37 1 1.21053 1 1.42105
190 10.1997 38514.9 2.93441e+07 0 1 0 1 0.00207893 0.00425723 0.0005 1 153 153 1 0 0 0 1 0 0.914083 1 1 17 36 1 1.20942 1 1.41885
191 10.2459 38537.2 2.93604e+07 0 1 0 1 0.00207611 0.00425664 0.0005 1 146 219 1 0 0 0 1 0 0.914083 1 1 11 35 1 1.20833 1 1.41667
192 10.2926 38557.2 2.93758e+07 0 1 0 1 0.00207458 0.00425513 0 0 0 219 0 1 0 1 0 0 0.918675 1 1 16 34 1 1.20725 1 1.41451
193 10.3403 38573.3 2.93891e+07 0 1 0 1 0.0020719 0.00425403 0.0005 1 166 166 1 0 0 0 1 0 0.918675 1 1 15 33 1 1.20619 1 1.41237
194 10.3877 38590.1 2.9402e+07 0 1 0 1 0.00207141 0.0042535 0.0005 1 81 215 1 0 0 0 1 0 0.918675 1 1 8 32 1 1.20513 1 1.41026
195 10.4354 38605.8 2.94138e+07 0 1 0 1 0.00206886 0.00425171 0.0005 1 50 219 1 0 0 0 1 0 0.918675 1 1 14 31 1 1.20408 1 1.40816
196 10.4791 38636.4 2.94367e+07 0 1 0 1 0.00206852 0.00424856 0.0005 1 177 204 1 0 0 0 1 0 0.918675 1 1 21 30 1 1.20305 1 1.40609
197 10.5224 38668.3 2.94603e+07 0 1 0 1 0.00206822 0.00424859 0.0005 1 80 216 1 0 0 0 1 0 0.918675 1 1 21 30 1 1.20202 1 1.40404
198 10.5674 38693.6 2.94802e+07 0 1 0 1 0.00206835 0.00424811 0.0005 1 58 218 1 0 0 0 1 0 0.918675 1 1 13 30 1 1.20101 1 1.40201
199 10.6133 38715.5 2.94964e+07 0 1 0 1 0.00206347 0.0042435 0.0005 1 56 222 1 0 0 0 1 0 0.918675 1 1 16 30 1 1.2 1 1.4
200 10.6571 38744.7 2.95183e+07 0 1 0 1 0.00206233 0.00424479 0.0005 1 82 222 1 0 0 0 1 0 0.918675 1 1 16 30 1 1.199 1 1.39801
201 10.7044 38760.9 2.95311e+07 0 1 0 1 0.00206312 0.0042463 0.0005 1 114 236 1 0 0 0 1 0 0.918675 1 1 14 31 1 1.19802 1 1.39604
202 10.7514 38777.7 2.95438e+07 0 1 0 1 0.0020628 0.00424518 0.0005 1 59 249 1 0 0 0 1 0 0.918675 1 1 12 30 1 1.19704 1 1.39409
203 10.7991 38792 2.95555e+07 0 1 0 1 0.00206355 0.00424752 0.0005 1 67 250 1 0 0 0 1 0 0.918675 1 1 12 31 1 1.19608 1 1.39216
204 10.8464 38807.7 2.95679e+07 0 1 0 1 0.00206381 0.00424984 0 0 0 250 0 1 0 1 0 0 0.922808 1 1 21 30 1 1.19512 1 1.39024
205 10.8937 38823.4 2.95796e+07 0 1 0 1 0.00206309 0.00424942 0.0005 1 70 70 1 0 0 0 1 0 0.922808 1 1 13 30 1 1.19417 1 1.38835
206 10.9383 38848.4 2.95996e+07 0 1 0 1 0.00205815 0.00424392 0.0005 1 79 107 1 0 0 0 1 0 0.922808 1 1 9 30 1 1.19324 1 1.38647
207 10.9834 38871.6 2.96184e+07 0 1 0 1 0.00205871 0.00424296 0.0005 1 121 150 1 0 0 0 1 0 0.922808 1 1 10 31 1 1.19231 1 1.38462
208 11.0273 38898.8 2.96389e+07 0 1 0 1 0.0020565 0.0042391 0.0005 1 56 158 1 0 0 0 1 0 0.922808 1 1 11 30 1 1.19139 1 1.38278
209 11.0744 38914.4 2.96526e+07 0 1 0 1 0.00205809 0.00423931 0 0 0 158 0 1 0 1 0 0 0.926527 1 1 19 30 1 1.19048 1 1.38095
210 11.1194 38937.3 2.96709e+07 0 1 0 1 0.00205396 0.00423377 0.0005 1 105 105 1 0 0 0 1 0 0.926527 1 1 16 30 1 1.18957 1 1.37915
211 11.1641 38961.1 2.96892e+07 0 1 0 1 0.00205187 0.00422969 0.0005 1 152 181 1 0 0 0 1 0 0.926527 1 1 8 30 1 1.18868 1 1.37736
212 11.2088 38984.8 2.9707e+07 0 1 0 1 0.00205237 0.00423143 0.0005 1 82 171 1 0 0 0 1 0 0.926527 1 1 18 31 1 1.18779 1 1.37559
213 11.2553 39001.8 2.97198e+07 0 1 0 1 0.00205274 0.00423354 0.0005 1 101 186 1 0 0 0 1 0 0.926527 1 1 19 30 1 1.18692 1 1.37383
214 11.3019 39018.4 2.97316e+07 0 1 0 1 0.00204946 0.00422981 0.0005 1 43 197 1 0 0 0 1 0 0.926527 1 1 17 30 1 1.18605 1 1.37209
215 11.3466 39041.6 2.97503e+07 0 1 0 1 0.00205002 0.00422696 0 0 0 197 0 1 0 1 0 0 0.929874 1 1 12 30 1 1.18519 1 1.37037
216 11.3908 39066.4 2.97702e+07 0 1 0 1 0.00204713 0.0042222 0.0005 1 75 75 1 0 0 0 1 0 0.929874 1 1 21 30 1 1.18433 1 1.36866
217 11.4347 39091.7 2.97896e+07 0 1 0 1 0.00204602 0.00421974 0.0005 1 178 211 1 0 0 0 1 0 0.929874 1 1 11 30 1 1.18349 1 1.36697
218 11.4795 39114.2 2.98079e+07 0 1 0 1 0.00204486 0.0042154 0.0005 1 58 213 1 0 0 0 1 0 0.929874 1 1 17 30 1 1.18265 1 1.3653
219 11.523 39140.6 2.98274e+07 0 1 0 1 0.00204444 0.00421604 0.0005 1 109 228 1 0 0 0 1 0 0.929874 1 1 18 31 1 1.18182 1 1.36364
220 11.567 39165.3 2.98463e+07 0 1 0 1 0.00204454 0.00421743 0.0005 1 161 225 1 0 0 0 1 0 0.929874 1 1 9 30 1 1.181 1 1.36199
221 11.6133 39181.6 2.98598e+07 0 1 0 1 0.00204498 0.00421864 0.0005 1 46 231 1 0 0 0 1 0 0.929874 1 1 13 30 1 1.18018 1 1.36036
222 11.6608 39194 2.98697e+07 0 1 0 1 0.00204502 0.00422067 0.0005 1 110 205 1 0 0 0 1 0 0.929874 1 1 17 30 1 1.17937 1 1.35874
223 11.7059 39214.3 2.98847e+07 0 1 0 1 0.00204377 0.0042201 0.0005 1 109 236 1 0 0 0 1 0 0.929874 1 1 21 30 1 1.17857 1 1.35714
224 11.7503 39236.9 2.99015e+07 0 1 0 1 0.00204275 0.00422066 0.0005 1 54 246 1 0 0 0 1 0 0.929874 1 1 12 30 1 1.17778 1 1.35556
225 11.7983 39246.9 2.99106e+07 0 1 0 1 0.002043 0.00422351 0 0 0 246 0 1 0 1 0 0 0.932887 1 1 15 30 1 1.17699 1 1.35398
226 11.8459 39258.2 2.99196e+07 0 1 0 1 0.00204089 0.00421907 0.0005 1 150 150 1 0 0 0 1 0 0.932887 1 1 8 30 1 1.17621 1 1.35242
227 11.8937 39268.8 2.99279e+07 0 1 0 1 0.00203888 0.00421522 0.0005 1 78 170 1 0 0 0 1 0 0.932887 1 1 20 30 1 1.17544 1 1.35088
228 11.9412 39280.7 2.99365e+07 0 1 0 1 0.00203767 0.00421136 0.0005 1 77 201 1 0 0 0 1 0 0.932887 1 1 11 30 1 1.17467 1 1.34934
229 11.9868 39298.3 2.99503e+07 0 1 0 1 0.00203838 0.00421308 0.0005 1 75 202 1 0 0 0 1 0 0.932887 1 1 12 31 1 1.17391 1 1.34783
230 12.0314 39319.5 2.9967e+07 0 1 0 1 0.00203761 0.00421026 0.0005 1 185 219 1 0 0 0 1 0 0.932887 1 1 11 30 1 1.17316 1 1.34632
231 12.0763 39339.3 2.99829e+07 0 1 0 1 0.0020375 0.00420964 0.0005 1 141 202 1 0 0 0 1 0 0.932887 1 1 16 30 1 1.17241 1 1.34483
232 12.1191 39365.9 3.00015e+07 0 1 0 1 0.00203568 0.00420788 0.0005 1 92 236 1 0 0 0 1 0 0.932887 1 1 13 30 1 1.17167 1 1.34335
233 12.1641 39385.2 3.00165e+07 0 1 0 1 0.00203644 0.00420903 0.0005 1 67 239 1 0 0 0 1 0 0.932887 1 1 11 31 1 1.17094 1 1.34188
234 12.2116 39396.1 3.00252e+07 0 1 0 1 0.00203497 0.00420558 0.0005 1 134 241 1 0 0 0 1 0 0.932887 1 1 20 30 1 1.17021 1 1.34043
235 12.2581 39410.1 3.00351e+07 0 1 0 1 0.00203349 0.0042033 0.0005 1 159 260 1 0 0 0 1 0 0.932887 1 1 9 30 1 1.16949 1 1.33898
236 12.3055 39421 3.00436e+07 0 1 0 1 0.00203417 0.00420457 0.0005 1 51 261 1 0 0 0 1 0 0.932887 1 1 17 31 1 1.16878 1 1.33755
237 12.3523 39434 3.0053e+07 0 1 0 1 0.0020342 0.00420623 0 0 0 261 0 1 0 1 0 0 0.935598 1 1 8 30 1 1.16807 1 1.33613
238 12.399 39447.2 3.00627e+07 0 1 0 1 0.00203215 0.00420115 0.0005 1 47 47 1 0 0 0 1 0 0.935598 1 1 17 30 1 1.16736 1 1.33473
239 12.4439 39466 3.00769e+07 0 1 0 1 0.00203086 0.00419644 0.0005 1 73 112 1 0 0 0 1 0 0.935598 1 1 13 30 1 1.16667 1 1.33333
240 12.4876 39488.3 3.00933e+07 0 1 0 1 0.00203083 0.00419707 0.0005 1 154 198 1 0 0 0 1 0 0.935598 1 1 9 31 1 1.16598 1 1.33195
241 12.5345 39500.4 3.01026e+07 0 1 0 1 0.00203154 0.00419911 0.0005 1 86 184 1 0 0 0 1 0 0.935598 1 1 12 32 1 1.16529 1 1.33058
242 12.5791 39519.9 3.01169e+07 0 1 0 1 0.00203223 0.00420149 0.0005 1 52 204 1 0 0 0 1 0 0.935598 1 1 13 33 1 1.16461 1 1.32922
243 12.6229 39541.8 3.01332e+07 0 1 0 1 0.00203179 0.00420351 0.0005 1 108 216 1 0 0 0 1 0 0.935598 1 1 16 32 1 1.16393 1 1.32787
244 12.6679 39559.4 3.01474e+07 0 1 0 1 0.00203189 0.00420402 0 0 0 216 0 1 0 1 0 0 0.938038 1 1 13 31 1 1.16327 1 1.32653
245 12.7133 39576 3.01598e+07 0 1 0 1 0.00203005 0.00419919 0.0005 1 83 83 1 0 0 0 1 0 0.938038 1 1 14 30 1 1.1626 1 1.3252
246 12.761 39584.8 3.01672e+07 0 1 0 1 0.00202996 0.00419932 0.0005 1 80 145 1 0 0 0 1 0 0.938038 1 1 19 31 1 1.16194 1 1.32389
247 12.8082 39595.3 3.01747e+07 0 1 0 1 0.00202961 0.00419984 0.0005 1 170 205 1 0 0 0 1 0 0.938038 1 1 17 31 1 1.16129 1 1.32258
248 12.8556 39605.2 3.01817e+07 0 1 0 1 0.00202988 0.00420074 0 0 0 205 0 1 0 1 0 0 0.940234 1 1 9 30 1 1.16064 1 1.32129
249 12.9028 39615.4 3.01901e+07 0 1 0 1 0.00202859 0.00419692 0.0005 1 81 81 1 0 0 0 1 0 0.940234 1 1 9 30 1 1.16 1 1.32
250 12.9476 39633.4 3.02047e+07 0 1 0 1 0.00202738 0.00419314 0.0005 1 55 104 1 0 0 0 1 0 0.940234 1 1 19 30 1 1.15936 1 1.31873
251 12.9918 39652.7 3.02191e+07 0 1 0 1 0.002027 0.0041912 0.001 1 88 164 1 0 0 0 1 0 0.940234 1 1 13 30 1 1.15873 1 1.31746
252 13.036 39672.1 3.02334e+07 0 1 0 1 0.00202703 0.00419099 0.0005 1 170 202 1 0 0 0 1 0 0.940234 1 1 16 31 1 1.1581 1 1.31621
253 13.0805 39690.5 3.02471e+07 0 1 0 1 0.00202739 0.00419078 0.0005 1 51 225 1 0 0 0 1 0 0.940234 1 1 22 32 1 1.15748 1 1.31496
254 13.1251 39708.4 3.02603e+07 0 1 0 1 0.00202689 0.0041904 0.0005 1 119 208 1 0 0 0 1 0 0.940234 1 1 9 31 1 1.15686 1 1.31373
255 13.1702 39724.6 3.02734e+07 0 1 0 1 0.00202551 0.00418526 0.0005 1 70 224 1 0 0 0 1 0 0.940234 1 1 19 30 1 1.15625 1 1.3125
256 13.216 39738.7 3.02851e+07 0 1 0 1 0.00202537 0.0041836 0.0005 1 112 222 1 0 0 0 1 0 0.940234 1 1 18 31 1 1.15564 1 1.31128
257 13.2629 39749.1 3.02926e+07 0 1 0 1 0.00202615 0.00418773 0 0 0 222 0 1 0 1 0 0 0.942211 1 1 12 30 1 1.15504 1 1.31008
258 13.3105 39757.3 3.02989e+07 0 1 0 1 0.00202611 0.0041875 0.0005 1 154 154 1 0 0 0 1 0 0.942211 1 1 18 30 1 1.15444 1 1.30888
259 13.3545 39776.6 3.03138e+07 0 1 0 1 0.00202605 0.00418569 0.001 1 88 178 1 0 0 0 1 0 0.942211 1 1 9 31 1 1.15385 1 1.30769
260 13.399 39794 3.0328e+07 0 1 0 1 0.0020266 0.00418484 0.0005 1 46 180 1 0 0 0 1 0 0.942211 1 1 11 32 1 1.15326 1 1.30651
261 13.443 39813 3.0342e+07 0 1 0 1 0.00202661 0.00418061 0.0005 1 47 181 1 0 0 0 1 0 0.942211 1 1 10 31 1 1.15267 1 1.30534
262 13.4875 39830.3 3.03558e+07 0 1 0 1 0.00202742 0.00417788 0.001 1 129 202 1 0 0 0 1 0 0.942211 1 1 10 32 1 1.15209 1 1.30418
263 13.5322 39846.9 3.03692e+07 0 1 0 1 0.00202797 0.00417755 0.001 1 96 218 1 0 0 0 1 0 0.942211 1 1 22 33 1 1.15152 1 1.30303
264 13.5788 39857.6 3.0377e+07 0 2 0 1 0.00202723 0.00417439 0.0005 1 67 205 1 0 0 0 1 0 0.942211 1 1 22 32 1 1.15094 1 1.30189
265 13.6261 39866.1 3.03831e+07 0 2 0 1 0.00202588 0.00417735 0.0005 1 53 208 1 0 0 0 1 0 0.942211 1 1 8 31 1 1.15038 1 1.30075
266 13.6735 39874.6 3.03892e+07 0 1 0 1 0.00202551 0.00417858 0.001 1 179 249 1 0 0 0 1 0 0.942211 1 1 21 32 1 1.14981 1 1.29963
267 13.7204 39884.2 3.03965e+07 0 1 0 1 0.00202574 0.0041783 0.001 1 178 249 1 0 0 0 1 0 0.942211 1 1 23 32 1 1.14925 1 1.29851
268 13.7678 39892.3 3.0403e+07 0 1 0 1 0.00202587 0.00417576 0.001 1 151 236 1 0 0 0 1 0 0.942211 1 1 19 33 1 1.1487 1 1.2974
269 13.8144 39902.7 3.04103e+07 0 2 0 1 0.00202606 0.00417556 0.0005 1 215 281 1 0 0 0 1 0 0.942211 1 1 12 34 1 1.14815 1 1.2963
270 13.8599 39916.4 3.04211e+07 0 2 0 1 0.00202646 0.00417616 0.0005 1 97 280 1 0 0 0 1 0 0.942211 1 1 14 35 1 1.1476 1 1.2952
271 13.904 39933.7 3.04346e+07 0 2 0 1 0.00202727 0.00418049 0 0 0 280 0 1 0 1 0 0 0.94399 1 1 22 34 1 1.14706 1 1.29412
272 13.9472 39953.9 3.0449e+07 0 1 0 1 0.00202712 0.0041788 0.0005 1 140 140 1 0 0 0 1 0 0.94399 1 1 10 35 1 1.14652 1 1.29304
273 13.9913 39971.4 3.04624e+07 0 2 0 1 0.00202746 0.00417997 0.0005 1 108 178 1 0 0 0 1 0 0.94399 1 1 11 35 1 1.14599 1 1.29197
274 14.0353 39989 3.04759e+07 0 2 0 1 0.0020277 0.0041804 0 0 0 178 0 1 0 1 0 0 0.945591 1 1 13 34 1 1.14545 1 1.29091
275 14.0792 40006.7 3.04891e+07 0 1 0 1 0.00202795 0.00418396 0.0005 1 101 101 1 0 0 0 1 0 0.945591 1 1 12 35 1 1.14493 1 1.28986
276 14.1251 40018.4 3.04983e+07 0 1 0 1 0.00202842 0.00418439 0.001 1 153 196 1 0 0 0 1 0 0.945591 1 1 9 36 1 1.1444 1 1.28881
277 14.1707 40030.9 3.05083e+07 0 2 0 1 0.00202913 0.00418444 0.0005 1 72 210 1 0 0 0 1 0 0.945591 1 1 19 37 1 1.14388 1 1.28777
278 14.2174 40040.5 3.05155e+07 0 2 0 1 0.00202934 0.00418423 0.0005 1 155 241 1 0 0 0 1 0 0.945591 1 1 12 38 1 1.14337 1 1.28674
279 14.2642 40049.4 3.0522e+07 0 2 0 1 0.0020298 0.00418611 0 0 0 241 0 1 0 1 0 0 0.851032 1 1 26 37 1 1.14286 1 1.28571
280 14.3113 40057.5 3.0528e+07 0 1 0 1 0.00202828 0.00418133 0.0005 1 102 102 1 0 0 0 1 0 0.851032 1 1 17 36 1 1.14235 1 1.2847
281 14.359 40063.9 3.05334e+07 0 2 0 1 0.0020285 0.00418261 0.0005 1 85 169 1 0 0 0 1 0 0.851032 1 1 16 37 1 1.14184 1 1.28369
282 14.4064 40071 3.05389e+07 0 1 0 1 0.00202783 0.00418141 0.001 1 76 179 1 0 0 0 1 0 0.851032 1 1 17 36 1 1.14134 1 1.28269
283 14.4516 40084.4 3.05491e+07 0 1 0 1 0.00202748 0.00418176 0.001 1 76 181 1 0 0 0 1 0 0.851032 1 1 24 35 1 1.14085 1 1.28169
284 14.4965 40098.6 3.05596e+07 0 1 0 1 0.00202743 0.00417967 0 0 0 181 0 1 0 1 0 0 0.861929 1 1 21 34 1 1.14035 1 1.2807
285 14.5439 40105.4 3.05656e+07 0 1 0 1 0.0020275 0.00417703 0 0 0 0 0 1 0 1 0 0 0.871736 1 1 22 33 1 1.13986 1 1.27972
286 14.5895 40117.5 3.05745e+07 0 1 0 1 0.00202786 0.00418163 0 0 0 0 0 1 0 1 0 0 0.784562 1 1 18 32 1 1.13937 1 1.27875
287 14.6344 40131.2 3.0585e+07 0 1 0 1 0.00202825 0.00418311 0.0005 1 167 167 1 0 0 0 1 0 0.784562 1 1 16 33 1 1.13889 1 1.27778
288 14.68 40143.1 3.05941e+07 0 2 0 1 0.00202868 0.00418329 0.002 1 113 196 1 0 0 0 1 0 0.784562 1 1 22 34 1 1.13841 1 1.27682
289 14.7272 40150.3 3.05995e+07 0 3 0 1 0.00202916 0.00418423 0.001 1 51 195 1 0 0 0 1 0 0.784562 1 1 12 35 1 1.13793 1 1.27586
290 14.7722 40163.7 3.06098e+07 0 1 0 1 0.00202886 0.00418408 0.002 1 118 213 1 0 0 0 1 0 0.784562 1 1 9 34 1 1.13746 1 1.27491
291 14.8172 40176.8 3.06196e+07 0 3 0 1 0.00202875 0.00418434 0.001 1 100 193 1 0 0 0 1 0 0.784562 1 1 17 34 1 1.13699 1 1.27397
292 14.8622 40190.2 3.06297e+07 0 1 0 1 0.00202888 0.00418221 0.0035 1 150 221 1 0 0 0 1 0 0.784562 1 1 13 35 1 1.13652 1 1.27304
293 14.9071 40203.5 3.06394e+07 0 1 0 1 0.00202894 0.00418319 0.002 1 157 276 1 0 0 0 1 0 0.784562 1 1 10 36 1 1.13605 1 1.27211
294 14.9538 40211.9 3.0645e+07 0 2 0 1 0.00202909 0.00418535 0.002 1 167 281 1 0 0 0 1 0 0.784562 1 1 15 37 1 1.13559 1 1.27119
295 15.0016 40217.1 3.06487e+07 0 3 0 1 0.00202926 0.00418579 0.0015 1 102 267 1 0 0 0 1 0 0.784562 1 1 27 38 1 1.13514 1 1.27027
296 15.0457 40232.4 3.06596e+07 0 1 0 1 0.00202927 0.00418761 0.002 1 150 293 1 0 0 0 1 0 0.784562 1 1 17 38 1 1.13468 1 1.26936
297 15.0893 40249 3.06715e+07 0 1 0 1 0.0020293 0.00418779 0.002 1 64 309 1 0 0 0 1 0 0.784562 1 1 16 38 1 1.13423 1 1.26846
298 15.1366 40255.6 3.06764e+07 0 2 0 1 0.00202935 0.00419026 0.0025 1 149 334 1 0 0 0 1 0 0.784562 1 1 10 39 1 1.13378 1 1.26756
299 15.1834 40263.2 3.06816e+07 0 3 0 1 0.00202946 0.00418812 0.001 1 164 344 1 0 0 0 1 0 0.784562 1 1 13 40 1 1.13333 1 1.26667
300 15.2308 40269.5 3.06865e+07 0 3 0 1 0.00202981 0.00419108 0.0005 1 146 352 1 0 0 0 1 0 0.784562 1 1 22 41 1 1.13289 1 1.26578
301 15.276 40281.5 3.0695e+07 0 4 0 1 0.00202996 0.00419202 0.0005 1 115 367 1 0 0 0 1 0 0.784562 1 1 16 42 1 1.13245 1 1.2649
302 15.3206 40294.9 3.07056e+07 0 3 0 1 0.00203018 0.00419099 0.001 1 170 319 1 0 0 0 1 0 0.784562 1 1 13 43 1 1.13201 1 1.26403
303 15.3648 40309.4 3.07161e+07 0 4 0 1 0.00202975 0.00419101 0.001 1 155 300 1 0 0 0 1 0 0.784562 1 1 23 43 1 1.13158 1 1.26316
304 15.4094 40322.8 3.07257e+07 0 4 0 1 0.00203058 0.00419416 0 0 0 300 0 1 0 1 0 0 0.706106 1 1 19 42 1 1.13115 1 1.2623
305 15.4543 40335.3 3.07353e+07 0 1 0 1 0.00203046 0.00419076 0.0005 1 226 226 1 0 0 0 1 0 0.706106 1 1 22 43 1 1.13072 1 1.26144
306 15.5016 40341.2 3.07399e+07 0 2 0 1 0.00202994 0.00418912 0.002 1 78 246 1 0 0 0 1 0 0.706106 1 1 13 42 1 1.13029 1 1.26059
307 15.5494 40346 3.0743e+07 0 3 0 1 0.00202967 0.00418416 0.0025 1 166 254 1 0 0 0 1 0 0.706106 1 1 17 41 1 1.12987 1 1.25974
308 15.597 40351.3 3.07467e+07 0 4 0 1 0.0020296 0.00418625 0.002 1 136 268 1 0 0 0 1 0 0.706106 1 1 20 41 1 1.12945 1 1.2589
309 15.6449 40355.7 3.07499e+07 0 2 0 1 0.00202958 0.0041868 0.004 1 179 253 1 0 0 0 1 0 0.706106 1 1 26 42 1 1.12903 1 1.25806
310 15.6902 40366.8 3.0758e+07 0 3 0 1 0.0020298 0.00418614 0.002 1 162 271 1 0 0 0 1 0 0.706106 1 1 22 42 1 1.12862 1 1.25723
311 15.7344 40380.7 3.07685e+07 0 5 0 1 0.00203044 0.004183 0.0005 1 99 290 1 0 0 0 1 0 0.706106 1 1 30 43 1 1.12821 1 1.25641
312 15.7784 40395.2 3.07782e+07 0 4 0 1 0.0020299 0.00418015 0.0015 1 139 289 1 0 0 0 1 0 0.706106 1 1 17 42 1 1.1278 1 1.25559
313 15.824 40405.4 3.07855e+07 0 3 0 1 0.00203035 0.00417958 0.002 1 157 274 1 0 0 0 1 0 0.706106 1 1 13 41 1 1.12739 1 1.25478
314 15.8697 40415.2 3.07928e+07 0 4 0 1 0.00203103 0.00418059 0.001 1 50 276 1 0 0 0 1 0 0.706106 1 1 21 42 1 1.12698 1 1.25397
315 15.9163 40422.7 3.07979e+07 0 3 0 1 0.00203136 0.00417788 0.002 1 232 316 1 0 0 0 1 0 0.706106 1 1 14 43 1 1.12658 1 1.25316
316 15.9609 40435.1 3.0807e+07 0 3 0 1 0.00203181 0.00417546 0.002 1 150 326 1 0 0 0 1 0 0.706106 1 1 22 43 1 1.12618 1 1.25237
317 16.0063 40445.7 3.08151e+07 0 4 0 1 0.00203111 0.00416967 0.0015 1 121 327 1 0 0 0 1 0 0.706106 1 1 28 42 1 1.12579 1 1.25157
318 16.0527 40453.3 3.08199e+07 0 3 0 1 0.00203126 0.00416671 0.0015 1 156 329 1 0 0 0 1 0 0.706106 1 1 30 42 1 1.12539 1 1.25078
319 16.0996 40460 3.08241e+07 0 2 0 1 0.00203137 0.00416486 0.002 1 134 329 1 0 0 0 1 0 0.706106 1 1 17 43 1 1.125 1 1.25
320 16.1475 40463.9 3.08272e+07 0 4 0 1 0.00203189 0.00416139 0.0015 1 153 338 1 0 0 0 1 0 0.706106 1 1 11 43 1 1.12461 1 1.24922
321 16.1955 40467.5 3.08301e+07 0 3 0 1 0.00203286 0.00416045 0.0025 1 119 359 1 0 0 0 1 0 0.706106 1 1 16 44 1 1.12422 1 1.24845
322 16.2426 40473.2 3.0834e+07 0 5 0 1 0.00203298 0.00415864 0.001 1 162 349 1 0 0 0 1 0 0.706106 1 1 21 44 1 1.12384 1 1.24768
323 16.2864 40487.6 3.08441e+07 0 6 0 1 0.00203302 0.00415443 0.0005 1 157 350 1 0 0 0 1 0 0.706106 1 1 21 45 1 1.12346 1 1.24691
324 16.3321 40496.8 3.085e+07 0 5 0 1 0.00203328 0.00415123 0.0015 1 136 328 1 0 0 0 1 0 0.706106 1 1 18 46 1 1.12308 1 1.24615
325 16.3753 40512.4 3.08607e+07 0 4 0 1 0.00203349 0.00415001 0.0015 1 136 316 1 0 0 0 1 0 0.706106 1 1 32 46 1 1.1227 1 1.2454
326 16.4204 40523.1 3.08682e+07 0 5 0 1 0.00203379 0.00414803 0.001 1 168 322 1 1 0 0 1 1 0.706106 1 1 21 47 1 1.12232 1 1.24465
327 16.4679 40527.9 3.08715e+07 0 1 0 1 0.0020319 0.00414581 0 0 0 0 0 1 0 1 0 0 0.731495 1 1 15 46 1 1.12195 1 1.2439
328 16.5158 40531.4 3.08742e+07 0 1 0 1 0.00203094 0.00414331 0.0005 1 154 154 1 0 0 0 1 0 0.731495 1 1 17 45 1 1.12158 1 1.24316
329 16.5638 40534.9 3.08767e+07 0 1 0 1 0.00202845 0.00414353 0.0005 1 120 194 1 0 0 0 1 0 0.731495 1 1 18 44 1 1.12121 1 1.24242
330 16.611 40540.1 3.08806e+07 0 1 0 1 0.00202708 0.00414418 0.0005 1 88 228 1 0 0 0 1 0 0.731495 1 1 16 43 1 1.12085 1 1.24169
331 16.6552 40552.7 3.08906e+07 0 1 0 1 0.00202602 0.00414395 0 0 0 228 0 1 0 1 0 0 0.754346 1 1 25 42 1 1.12048 1 1.24096
332 16.6986 40567.4 3.0901e+07 0 1 0 1 0.0020254 0.00414455 0.0005 1 172 172 1 0 0 0 1 0 0.754346 1 1 13 42 1 1.12012 1 1.24024
333 16.7427 40580.3 3.09105e+07 0 1 0 1 0.00202407 0.00414433 0.0005 1 103 195 1 0 0 0 1 0 0.754346 1 1 13 41 1 1.11976 1 1.23952
334 16.7873 40591.7 3.09189e+07 0 1 0 1 0.00202298 0.00414419 0.0005 1 54 189 1 0 0 0 1 0 0.754346 1 1 17 40 1 1.1194 1 1.23881
335 16.8323 40602.2 3.09272e+07 0 1 0 1 0.00202163 0.00414388 0.0005 1 135 196 1 0 0 0 1 0 0.754346 1 1 15 39 1 1.11905 1 1.2381
336 16.8769 40613.7 3.09357e+07 0 1 0 1 0.00202116 0.00414439 0.0005 1 128 198 1 0 0 0 1 0 0.754346 1 1 17 39 1 1.11869 1 1.23739
337 16.922 40623.7 3.09436e+07 0 1 0 1 0.00202151 0.00414438 0.0005 1 144 218 1 0 0 0 1 0 0.754346 1 1 17 40 1 1.11834 1 1.23669
338 16.9666 40635.1 3.09519e+07 0 1 0 1 0.00202149 0.00414473 0 0 0 218 0 1 0 1 0 0 0.774911 1 1 11 39 1 1.11799 1 1.23599
339 17.0116 40645.3 3.09597e+07 0 1 0 1 0.00202043 0.0041446 0.0005 1 172 172 1 0 0 0 1 0 0.774911 1 1 25 38 1 1.11765 1 1.23529
340 17.0563 40656.1 3.09678e+07 0 1 0 1 0.00201952 0.00414464 0.001 1 220 224 1 0 0 0 1 0 0.774911 1 1 19 37 1 1.1173 1 1.2346
341 17.1011 40666.9 3.09758e+07 0 1 0 1 0.00201896 0.0041434 0.001 1 35 227 1 0 0 0 1 0 0.774911 1 1 9 36 1 1.11696 1 1.23392
342 17.1471 40674.5 3.09813e+07 0 1 0 1 0.00201747 0.00414173 0.001 1 178 253 1 0 0 0 1 0 0.774911 1 1 19 35 1 1.11662 1 1.23324
343 17.1939 40680.2 3.09852e+07 0 2 0 1 0.00201662 0.00414143 0.0005 1 102 279 1 0 0 0 1 0 0.774911 1 1 11 34 1 1.11628 1 1.23256
344 17.2414 40684.2 3.09882e+07 0 1 0 1 0.00201575 0.0041419 0.001 1 93 256 1 0 0 0 1 0 0.774911 1 1 16 33 1 1.11594 1 1.23188
345 17.289 40688 3.09914e+07 0 1 0 1 0.0020156 0.0041416 0.0005 1 165 259 1 0 0 0 1 0 0.774911 1 1 11 34 1 1.11561 1 1.23121
346 17.3363 40692.4 3.09951e+07 0 1 0 1 0.00201549 0.00414129 0.001 1 148 253 1 0 0 0 1 0 0.774911 1 1 22 33 1 1.11527 1 1.23055
347 17.3802 40704.8 3.10047e+07 0 2 0 1 0.00201545 0.004141 0.0005 1 65 240 1 0 0 0 1 0 0.774911 1 1 10 34 1 1.11494 1 1.22989
348 17.4256 40713.6 3.10112e+07 0 2 0 1 0.00201556 0.00414043 0 0 0 240 0 1 0 1 0 0 0.79342 1 1 12 33 1 1.11461 1 1.22923
349 17.4728 40718.3 3.10153e+07 0 1 0 1 0.00201421 0.00413982 0.0005 1 52 52 1 0 0 0 1 0 0.79342 1 1 8 32 1 1.11429 1 1.22857
350 17.5174 40729 3.10234e+07 0 1 0 1 0.00201417 0.00414056 0.001 1 168 176 1 0 0 0 1 0 0.79342 1 1 20 33 1 1.11396 1 1.22792
351 17.5654 40731.5 3.10257e+07 0 1 0 1 0.00201441 0.00414045 0.001 1 197 271 1 0 0 0 1 0 0.79342 1 1 13 34 1 1.11364 1 1.22727
352 17.6139 40733 3.10274e+07 0 1 0 1 0.00201445 0.00413987 0.0005 1 50 255 1 0 0 0 1 0 0.79342 1 1 23 34 1 1.11331 1 1.22663
353 17.6589 40742.4 3.10355e+07 0 2 0 1 0.00201489 0.00413811 0.0005 1 92 259 1 0 0 0 1 0 0.79342 1 1 10 35 1 1.11299 1 1.22599
354 17.7038 40752.3 3.10431e+07 0 2 0 1 0.00201494 0.00413828 0 0 0 259 0 1 0 1 0 0 0.810078 1 1 16 34 1 1.11268 1 1.22535
355 17.7479 40764 3.10522e+07 0 1 0 1 0.00201359 0.0041359 0.0005 1 66 66 1 0 0 0 1 0 0.810078 1 1 11 33 1 1.11236 1 1.22472
356 17.7925 40774.3 3.10599e+07 0 1 0 1 0.00201316 0.00413449 0.001 1 177 191 1 0 0 0 1 0 0.810078 1 1 9 32 1 1.11204 1 1.22409
357 17.8399 40778.2 3.10633e+07 0 1 0 1 0.00201288 0.0041337 0.0015 1 42 199 1 0 0 0 1 0 0.810078 1 1 18 31 1 1.11173 1 1.22346
358 17.8846 40788.2 3.10711e+07 0 1 0 1 0.00201241 0.00413077 0.001 1 37 200 1 0 0 0 1 0 0.810078 1 1 16 30 1 1.11142 1 1.22284
359 17.9313 40793.6 3.1075e+07 0 2 0 1 0.00201227 0.00412992 0.001 1 157 223 1 0 0 0 1 0 0.810078 1 1 16 30 1 1.11111 1 1.22222
360 17.9792 40796.3 3.10776e+07 0 2 0 1 0.00201265 0.00412917 0.001 1 177 258 1 0 0 0 1 0 0.810078 1 1 17 30 1 1.1108 1 1.22161
361 18.0271 40798.7 3.10801e+07 0 3 0 1 0.00201331 0.00412879 0.0005 1 79 249 1 0 0 0 1 0 0.810078 1 1 12 31 1 1.1105 1 1.22099
362 18.0748 40801.9 3.10829e+07 0 3 0 1 0.00201381 0.00412854 0.0005 1 114 267 1 0 0 0 1 0 0.810078 1 1 21 32 1 1.11019 1 1.22039
363 18.1201 40810.3 3.10895e+07 0 3 0 1 0.00201433 0.00412883 0.0005 1 151 280 1 0 0 0 1 0 0.810078 1 1 14 33 1 1.10989 1 1.21978
364 18.1648 40820.1 3.10973e+07 0 2 0 1 0.00201495 0.00412949 0.001 1 122 298 1 0 0 0 1 0 0.810078 1 1 18 34 1 1.10959 1 1.21918
365 18.2121 40824.1 3.11004e+07 0 2 0 1 0.00201514 0.00412935 0.001 1 88 292 1 0 0 0 1 0 0.810078 1 1 15 34 1 1.10929 1 1.21858
366 18.2596 40827.4 3.11027e+07 0 2 0 1 0.00201541 0.00412993 0.001 1 75 301 1 0 0 0 1 0 0.810078 1 1 9 35 1 1.10899 1 1.21798
367 18.3046 40836.5 3.11101e+07 0 1 0 1 0.00201568 0.00413076 0.0015 1 196 303 1 0 0 0 1 0 0.810078 1 1 9 35 1 1.1087 1 1.21739
368 18.3487 40847.4 3.11178e+07 0 1 0 1 0.00201598 0.00413069 0.001 1 57 288 1 0 0 0 1 0 0.810078 1 1 23 36 1 1.1084 1 1.2168
369 18.393 40858.1 3.11251e+07 0 2 0 1 0.00201616 0.00413107 0.001 1 83 283 1 0 0 0 1 0 0.810078 1 1 21 37 1 1.10811 1 1.21622
370 18.4372 40868.7 3.11325e+07 0 2 0 1 0.00201552 0.00413089 0.001 1 106 281 1 0 0 0 1 0 0.810078 1 1 25 36 1 1.10782 1 1.21563
371 18.482 40877.9 3.11394e+07 0 2 0 1 0.00201564 0.00413163 0.001 1 109 278 1 0 0 0 1 0 0.810078 1 1 26 37 1 1.10753 1 1.21505
372 18.5262 40888.4 3.11468e+07 0 1 0 1 0.0020152 0.00413098 0.0015 1 124 294 1 0 0 0 1 0 0.810078 1 1 13 36 1 1.10724 1 1.21448
373 18.5703 40899.3 3.11549e+07 0 2 0 1 0.00201496 0.00412968 0.001 1 152 280 1 0 0 0 1 0 0.810078 1 1 9 35 1 1.10695 1 1.2139
374 18.6151 40908.5 3.11623e+07 0 1 0 1 0.00201575 0.00413121 0.0015 1 159 311 1 0 0 0 1 0 0.810078 1 1 21 36 1 1.10667 1 1.21333
375 18.6597 40918.1 3.11699e+07 0 2 0 1 0.00201656 0.00413198 0.001 1 171 332 1 0 0 0 1 0 0.810078 1 1 14 37 1 1.10638 1 1.21277
376 18.7037 40928.9 3.11777e+07 0 2 0 1 0.00201664 0.0041315 0.001 1 134 292 1 1 0 0 1 1 0.810078 1 1 20 38 1 1.1061 1 1.2122
377 18.7479 40939.1 3.11856e+07 0 1 0 1 0.00201545 0.00412848 0 0 0 0 0 1 0 1 0 0 0.82507 1 1 14 37 1 1.10582 1 1.21164
378 18.794 40945.3 3.11906e+07 0 1 0 1 0.00201483 0.00412645 0.0005 1 71 71 1 0 0 0 1 0 0.82507 1 1 18 36 1 1.10554 1 1.21108
379 18.8386 40954.6 3.11978e+07 0 1 0 1 0.00201478 0.00412613 0.0005 1 110 163 1 0 0 0 1 0 0.82507 1 1 19 37 1 1.10526 1 1.21053
380 18.8839 40962.5 3.12043e+07 0 1 0 1 0.0020147 0.00412646 0.0005 1 62 175 1 0 0 0 1 0 0.82507 1 1 19 37 1 1.10499 1 1.20997
381 18.9286 40971.4 3.12108e+07 0 1 0 1 0.00201421 0.00412597 0.0005 1 148 185 1 0 0 0 1 0 0.82507 1 1 22 36 1 1.10471 1 1.20942
382 18.9756 40975.6 3.12137e+07 0 1 0 1 0.00201442 0.00412518 0 0 0 185 0 1 0 1 0 0 0.838563 1 1 24 35 1 1.10444 1 1.20888
383 19.0236 40977.3 3.12152e+07 0 1 0 1 0.00201403 0.00412567 0.0005 1 80 80 1 0 0 0 1 0 0.838563 1 1 19 34 1 1.10417 1 1.20833
384 19.0713 40979.6 3.12169e+07 0 1 0 1 0.0020138 0.00412461 0.0005 1 70 130 1 0 0 0 1 0 0.838563 1 1 19 33 1 1.1039 1 1.20779
385 19.1192 40981.6 3.12186e+07 0 1 0 1 0.00201362 0.0041252 0 0 0 130 0 1 0 1 0 0 0.850707 1 1 12 32 1 1.10363 1 1.20725
386 19.1643 40989.7 3.12254e+07 0 1 0 1 0.00201319 0.00412348 0.0005 1 52 52 1 0 0 0 1 0 0.850707 1 1 15 33 1 1.10336 1 1.20672
387 19.2084 40999.8 3.12332e+07 0 1 0 1 0.00201273 0.0041233 0.0005 1 83 125 1 0 0 0 1 0 0.850707 1 1 22 32 1 1.10309 1 1.20619
388 19.2528 41009.4 3.12407e+07 0 1 0 1 0.00201278 0.0041243 0.0005 1 108 175 1 0 0 0 1 0 0.850707 1 1 23 32 1 1.10283 1 1.20566
389 19.297 41019.2 3.12481e+07 0 1 0 1 0.00201214 0.00412483 0.0005 1 51 196 1 0 0 0 1 0 0.850707 1 1 13 32 1 1.10256 1 1.20513
390 19.3413 41028.8 3.12555e+07 0 1 0 1 0.00201207 0.00412494 0.0005 1 110 188 1 0 0 0 1 0 0.850707 1 1 22 32 1 1.1023 1 1.2046
391 19.3876 41034.1 3.12595e+07 0 1 0 1 0.00201218 0.00412595 0.0005 1 102 190 1 0 0 0 1 0 0.850707 1 1 8 31 1 1.10204 1 1.20408
392 19.4349 41037.2 3.12616e+07 0 1 0 1 0.00201171 0.00412562 0.0005 1 192 220 1 0 0 0 1 0 0.850707 1 1 21 30 1 1.10178 1 1.20356
393 19.4824 41039.6 3.12633e+07 0 1 0 1 0.00201093 0.00412433 0 0 0 220 0 1 0 1 0 0 0.861636 1 1 16 30 1 1.10152 1 1.20305
394 19.5288 41044.6 3.1267e+07 0 1 0 1 0.00201037 0.00412266 0.0005 1 92 92 1 0 0 0 1 0 0.861636 1 1 16 30 1 1.10127 1 1.20253
395 19.5739 41052.4 3.12732e+07 0 1 0 1 0.00201104 0.00412347 0.0005 1 136 186 1 0 0 0 1 0 0.861636 1 1 14 31 1 1.10101 1 1.20202
396 19.6188 41060.5 3.12794e+07 0 1 0 1 0.00201135 0.00412409 0 0 0 186 0 1 0 1 0 0 0.871473 1 1 12 30 1 1.10076 1 1.20151
397 19.6642 41067.4 3.12848e+07 0 1 0 1 0.0020103 0.00412221 0.0005 1 152 152 1 0 0 0 1 0 0.871473 1 1 10 30 1 1.1005 1 1.20101
398 19.7114 41070.6 3.12875e+07 0 1 0 1 0.00200992 0.00412196 0.001 1 46 158 1 0 0 0 1 0 0.871473 1 1 9 31 1 1.10025 1 1.2005
399 19.759 41072.9 3.12896e+07 0 1 0 1 0.0020093 0.00412032 0.001 1 72 176 1 0 0 0 1 0 0.871473 1 1 19 30 1 1.1 1 1.2
400 19.8045 41079.8 3.12948e+07 0 1 0 1 0.00200865 0.00411801 0.001 1 63 161 1 0 0 0 1 0 0.871473 1 1 18 30 1 1.09975 1 1.1995
401 19.8497 41087.1 3.13003e+07 0 1 0 1 0.00200785 0.00411782 0.001 1 30 183 1 0 0 0 1 0 0.871473 1 1 18 30 1 1.0995 1 1.199
402 19.895 41094 3.1306e+07 0 1 0 1 0.00200723 0.00411725 0.001 1 62 213 1 0 0 0 1 0 0.871473 1 1 9 30 1 1.09926 1 1.19851
403 19.9411 41099.4 3.13101e+07 0 1 0 1 0.0020073 0.00411753 0.001 1 57 194 1 0 0 0 1 0 0.871473 1 1 19 30 1 1.09901 1 1.19802
404 19.9892 41100.6 3.13114e+07 0 1 0 1 0.00200728 0.0041158 0.0005 1 76 202 1 0 0 0 1 0 0.871473 1 1 21 31 1 1.09877 1 1.19753
405 20.0365 41103.4 3.13141e+07 0 2 0 1 0.0020071 0.00411375 0.0005 1 37 211 1 0 0 0 1 0 0.871473 1 1 17 30 1 1.09852 1 1.19704
406 20.082 41110.1 3.13194e+07 0 1 0 1 0.00200617 0.00411168 0.001 1 48 197 1 0 0 0 1 0 0.871473 1 1 12 30 1 1.09828 1 1.19656
407 20.1286 41114.2 3.1323e+07 0 1 0 1 0.00200632 0.00411131 0.001 1 176 211 1 0 0 0 1 0 0.871473 1 1 17 30 1 1.09804 1 1.19608
408 20.1755 41118 3.13263e+07 0 2 0 1 0.0020071 0.00411182 0.0005 1 138 235 1 0 0 0 1 0 0.871473 1 1 12 31 1 1.0978 1 1.1956
409 20.2236 41119.1 3.13278e+07 0 1 0 1 0.00200757 0.00411171 0.001 1 112 241 1 0 0 0 1 0 0.871473 1 1 13 32 1 1.09756 1 1.19512
410 20.2678 41128.1 3.13341e+07 0 1 0 1 0.002007 0.00411095 0.001 1 69 250 1 0 0 0 1 0 0.871473 1 1 16 31 1 1.09732 1 1.19465
411 20.312 41137.3 3.13411e+07 0 2 0 1 0.0020076 0.00411148 0.0005 1 62 262 1 0 0 0 1 0 0.871473 1 1 22 32 1 1.09709 1 1.19417
412 20.356 41146.7 3.13479e+07 0 1 0 1 0.00200734 0.00410946 0.0005 1 131 279 1 0 0 0 1 0 0.871473 1 1 15 31 1 1.09685 1 1.1937
413 20.4006 41154.9 3.13542e+07 0 2 0 1 0.00200755 0.00410927 0.0005 1 21 276 1 0 0 0 1 0 0.871473 1 1 20 32 1 1.09662 1 1.19324
414 20.4459 41161.6 3.13596e+07 0 2 0 1 0.00200779 0.00411008 0 0 0 276 0 1 0 1 0 0 0.880325 1 1 11 31 1 1.09639 1 1.19277
415 20.4931 41164.5 3.13619e+07 0 1 0 1 0.00200786 0.00411025 0 1 1 1 1 0 0 0 1 0 0.880325 1 1 20 31 1 1.09615 1 1.19231
416 20.5404 41167.1 3.13639e+07 0 1 0 1 0.00200764 0.00411013 0.001 1 118 119 1 0 0 0 1 0 0.880325 1 1 9 30 1 1.09592 1 1.19185
417 20.5838 41177.5 3.13717e+07 0 1 0 1 0.00200707 0.00410759 0.001 1 66 139 1 0 0 0 1 0 0.880325 1 1 18 30 1 1.09569 1 1.19139
418 20.6288 41184.8 3.13776e+07 0 1 0 1 0.00200687 0.00410579 0.001 1 88 167 1 0 0 0 1 0 0.880325 1 1 10 30 1 1.09547 1 1.19093
419 20.6765 41186.4 3.13796e+07 0 1 0 1 0.00200722 0.00410547 0 0 0 167 0 1 0 1 0 0 0.888293 1 1 18 30 1 1.09524 1 1.19048
420 20.7245 41187.7 3.13813e+07 0 1 0 1 0.00200807 0.00410797 0.0005 1 46 46 1 0 0 0 1 0 0.888293 1 1 20 31 1 1.09501 1 1.19002
421 20.7691 41195.5 3.1388e+07 0 1 0 1 0.00200826 0.00410788 0.001 1 172 192 1 0 0 0 1 0 0.888293 1 1 19 32 1 1.09479 1 1.18957
422 20.8159 41199.2 3.13909e+07 0 2 0 1 0.00200777 0.00410516 0.0005 1 39 217 1 0 0 0 1 0 0.888293 1 1 14 31 1 1.09456 1 1.18913
423 20.8635 41201.1 3.13924e+07 0 2 0 1 0.00200786 0.00410479 0.0005 1 66 221 1 0 0 0 1 0 0.888293 1 1 16 31 1 1.09434 1 1.18868
424 20.9111 41202.8 3.13939e+07 0 2 0 1 0.00200788 0.0041046 0.001 1 45 220 1 0 0 0 1 0 0.888293 1 1 19 31 1 1.09412 1 1.18824
425 20.9581 41205.9 3.13961e+07 0 2 0 1 0.00200794 0.00410313 0.0005 1 112 220 1 0 0 0 1 0 0.888293 1 1 17 30 1 1.0939 1 1.18779
426 21.0025 41214.2 3.14026e+07 0 2 0 1 0.0020081 0.00410334 0.0005 1 115 219 1 0 0 0 1 0 0.888293 1 1 9 30 1 1.09368 1 1.18735
427 21.0471 41222.1 3.14085e+07 0 2 0 1 0.00200852 0.00410357 0 0 0 219 0 1 0 1 0 0 0.895464 1 1 15 30 1 1.09346 1 1.18692
428 21.0917 41229.7 3.14143e+07 0 1 0 1 0.00200786 0.00410185 0.0005 1 190 190 1 0 0 0 1 0 0.895464 1 1 17 30 1 1.09324 1 1.18648
429 21.1384 41233.4 3.14171e+07 0 1 0 1 0.00200797 0.00410129 0.0015 1 53 183 1 0 0 0 1 0 0.895464 1 1 20 31 1 1.09302 1 1.18605
430 21.1869 41233.3 3.14176e+07 0 2 0 1 0.00200849 0.00410121 0.0005 1 45 184 1 0 0 0 1 0 0.895464 1 1 10 32 1 1.09281 1 1.18561
431 21.2342 41235.7 3.14194e+07 0 2 0 1 0.00200843 0.00410071 0.001 1 69 207 1 0 0 0 1 0 0.895464 1 1 18 31 1 1.09259 1 1.18519
432 21.2811 41238.9 3.14216e+07 0 1 0 1 0.00200815 0.00410115 0.0015 1 177 256 1 0 0 0 1 0 0.895464 1 1 13 30 1 1.09238 1 1.18476
433 21.3251 41247.7 3.14285e+07 0 1 0 1 0.00200768 0.00410124 0.001 1 54 234 1 0 0 0 1 0 0.895464 1 1 18 30 1 1.09217 1 1.18433
434 21.3694 41255.9 3.14347e+07 0 3 0 1 0.00200757 0.00409924 0.0005 1 103 213 1 0 0 0 1 0 0.895464 1 1 19 30 1 1.09195 1 1.18391
435 21.4136 41264.1 3.14409e+07 0 3 0 1 0.00200778 0.00409728 0.0005 1 103 224 1 0 0 0 1 0 0.895464 1 1 19 31 1 1.09174 1 1.18349
436 21.458 41272.1 3.14469e+07 0 3 0 1 0.0020083 0.00409834 0.0005 1 153 253 1 0 0 0 1 0 0.895464 1 1 10 32 1 1.09153 1 1.18307
437 21.503 41278.9 3.14518e+07 0 3 0 1 0.00200883 0.00409721 0 0 0 253 0 1 0 1 0 0 0.901917 1 1 21 31 1 1.09132 1 1.18265
438 21.5477 41286.2 3.14572e+07 0 1 0 1 0.00200806 0.00409489 0.0005 1 97 97 1 0 0 0 1 0 0.901917 1 1 13 30 1 1.09112 1 1.18223
439 21.5937 41291 3.1461e+07 0 1 0 1 0.00200864 0.00409699 0.0015 1 64 121 1 0 0 0 1 0 0.901917 1 1 10 31 1 1.09091 1 1.18182
440 21.6396 41295.7 3.14647e+07 0 1 0 1 0.00200869 0.0040965 0.0015 1 63 170 1 0 0 0 1 0 0.901917 1 1 8 31 1 1.0907 1 1.18141
441 21.6845 41302.5 3.14701e+07 0 2 0 1 0.00200925 0.00409562 0.001 1 157 223 1 0 0 0 1 0 0.901917 1 1 13 32 1 1.0905 1 1.181
442 21.7296 41309.1 3.1475e+07 0 2 0 1 0.00200955 0.00409427 0.0015 1 96 241 1 0 0 0 1 0 0.901917 1 1 17 33 1 1.09029 1 1.18059
443 21.7744 41316 3.14806e+07 0 1 0 1 0.00200935 0.00409167 0.001 1 116 219 1 0 0 0 1 0 0.901917 1 1 12 32 1 1.09009 1 1.18018
444 21.8207 41320.1 3.1484e+07 0 2 0 1 0.0020098 0.00409082 0.001 1 53 226 1 0 0 0 1 0 0.901917 1 1 17 33 1 1.08989 1 1.17978
445 21.8678 41322.4 3.14861e+07 0 2 0 1 0.00201072 0.00408828 0 0 0 226 0 1 0 1 0 0 0.907725 1 1 19 32 1 1.08969 1 1.17937
446 21.9114 41331.6 3.14933e+07 0 1 0 1 0.00201049 0.00408803 0.0005 1 186 186 1 0 0 0 1 0 0.907725 1 1 19 31 1 1.08949 1 1.17897
447 21.9568 41337.3 3.14977e+07 0 2 0 1 0.00201062 0.00408801 0.0005 1 48 194 1 0 0 0 1 0 0.907725 1 1 9 32 1 1.08929 1 1.17857
448 22.0042 41339.1 3.14998e+07 0 2 0 1 0.00201123 0.00408853 0 0 0 194 0 1 0 1 0 0 0.816953 1 1 16 31 1 1.08909 1 1.17817
449 22.0486 41346.8 3.15057e+07 0 1 0 1 0.00201062 0.00408693 0.0005 1 61 61 1 0 0 0 1 0 0.816953 1 1 9 30 1 1.08889 1 1.17778
450 22.0962 41348.3 3.15071e+07 0 1 0 1 0.00201078 0.00408586 0.0015 1 35 82 1 0 0 0 1 0 0.816953 1 1 18 31 1 1.08869 1 1.17738
451 22.1439 41349.5 3.15081e+07 0 1 0 1 0.00201084 0.0040861 0.002 1 121 153 1 0 0 0 1 0 0.816953 1 1 8 30 1 1.0885 1 1.17699
452 22.1914 41351.2 3.15095e+07 0 2 0 1 0.00201123 0.00408915 0.0015 1 52 171 1 0 0 0 1 0 0.816953 1 1 10 31 1 1.0883 1 1.1766
453 22.2385 41353.4 3.15113e+07 0 2 0 1 0.00201145 0.00409232 0.001 1 164 183 1 0 0 0 1 0 0.816953 1 1 16 31 1 1.08811 1 1.17621
454 22.2837 41359.5 3.15159e+07 0 2 0 1 0.00201188 0.00409092 0.0015 1 37 178 1 0 0 0 1 0 0.816953 1 1 22 32 1 1.08791 1 1.17582
455 22.3298 41363.6 3.15192e+07 0 2 0 1 0.00201228 0.00409091 0 0 0 178 0 1 0 1 0 0 0.735258 1 1 9 31 1 1.08772 1 1.17544
456 22.3737 41372 3.15256e+07 0 1 0 1 0.0020125 0.00408976 0 0 0 0 0 1 0 1 0 0 0.757732 1 1 20 30 1 1.08753 1 1.17505
457 22.4184 41378.9 3.15309e+07 0 1 0 1 0.00201272 0.00408893 0.0005 1 85 85 1 0 0 0 1 0 0.757732 1 1 18 31 1 1.08734 1 1.17467
458 22.4633 41385.3 3.15354e+07 0 1 0 1 0.00201159 0.00408539 0.005 1 172 199 1 0 0 0 1 0 0.757732 1 1 10 30 1 1.08715 1 1.17429
459 22.5094 41389.5 3.15391e+07 0 1 0 1 0.00201094 0.00408364 0.004 1 107 228 1 0 0 0 1 0 0.757732 1 1 18 30 1 1.08696 1 1.17391
460 22.555 41394.5 3.15432e+07 0 1 0 1 0.00201089 0.0040838 0.0035 1 108 218 1 0 0 0 1 0 0.757732 1 1 19 31 1 1.08677 1 1.17354
461 22.6007 41399.4 3.15473e+07 0 2 0 1 0.00201111 0.00408456 0.0035 1 124 244 1 0 0 0 1 0 0.757732 1 1 20 30 1 1.08658 1 1.17316
462 22.6463 41404.3 3.15512e+07 0 2 0 1 0.00201142 0.00408423 0.0035 1 156 278 1 0 0 0 1 0 0.757732 1 1 8 31 1 1.08639 1 1.17279
463 22.6943 41405 3.15519e+07 0 2 0 1 0.00201174 0.004082 0.0025 1 101 277 1 0 0 0 1 0 0.757732 1 1 15 32 1 1.08621 1 1.17241
464 22.7428 41404.6 3.15518e+07 0 2 0 1 0.00201191 0.00408111 0.0035 1 185 272 1 0 0 0 1 0 0.757732 1 1 14 33 1 1.08602 1 1.17204
465 22.7904 41405.8 3.15522e+07 0 3 0 1 0.00201167 0.00408003 0.003 1 38 280 1 0 0 0 1 0 0.757732 1 1 11 32 1 1.08584 1 1.17167
466 22.8381 41406.9 3.15527e+07 0 1 0 1 0.00201164 0.00407855 0.0045 1 101 287 1 0 0 0 1 0 0.757732 1 1 13 31 1 1.08565 1 1.17131
467 22.885 41409.6 3.15544e+07 0 1 0 1 0.0020107 0.00407494 0.0035 1 74 293 1 0 0 0 1 0 0.757732 1 1 12 30 1 1.08547 1 1.17094
468 22.9329 41410.2 3.15552e+07 0 2 0 1 0.00201035 0.00407113 0.003 1 130 289 1 0 0 0 1 0 0.757732 1 1 19 30 1 1.08529 1 1.17058
469 22.9801 41412.2 3.15569e+07 0 5 0 1 0.00201088 0.00406685 0.002 1 119 300 1 0 0 0 1 0 0.757732 1 1 12 31 1 1.08511 1 1.17021
470 23.0244 41419.5 3.15624e+07 0 3 0 1 0.0020112 0.00406434 0.003 1 134 294 1 0 0 0 1 0 0.757732 1 1 21 32 1 1.08493 1 1.16985
471 23.0707 41423.1 3.15652e+07 0 4 0 1 0.00201141 0.0040622 0.0025 1 77 289 1 0 0 0 1 0 0.757732 1 1 12 33 1 1.08475 1 1.16949
472 23.1199 41421.4 3.15647e+07 0 4 0 1 0.00201185 0.00406226 0.0015 1 63 298 1 0 0 0 1 0 0.757732 1 1 16 34 1 1.08457 1 1.16913
473 23.1681 41421.7 3.15647e+07 0 3 0 1 0.00201231 0.00406127 0.0035 1 175 301 1 0 0 0 1 0 0.757732 1 1 15 35 1 1.08439 1 1.16878
474 23.216 41422.2 3.15649e+07 0 2 0 1 0.00201265 0.00405897 0.0035 1 160 307 1 0 0 0 1 0 0.757732 1 1 21 36 1 1.08421 1 1.16842
475 23.264 41422.8 3.15654e+07 0 4 0 1 0.00201289 0.00405746 0.002 1 160 287 1 0 0 0 1 0 0.757732 1 1 21 36 1 1.08403 1 1.16807
476 23.3096 41427.7 3.15691e+07 0 3 0 1 0.00201292 0.00405618 0.003 1 65 310 1 0 0 0 1 0 0.757732 1 1 21 35 1 1.08386 1 1.16771
477 23.3552 41432.4 3.15731e+07 0 3 0 1 0.00201302 0.00405661 0.0025 1 149 297 1 0 0 0 1 0 0.757732 1 1 12 36 1 1.08368 1 1.16736
478 23.4005 41437.8 3.15773e+07 0 5 0 1 0.00201357 0.00405882 0.002 1 77 314 1 1 0 0 1 1 0.757732 1 1 9 37 1 1.08351 1 1.16701
479 23.4455 41443.5 3.15817e+07 0 1 0 1 0.00201211 0.00405646 0 0 0 0 0 1 0 1 0 0 0.777959 1 1 22 36 1 1.08333 1 1.16667
480 23.4893 41451.6 3.15878e+07 0 1 0 1 0.0020107 0.00405599 0.0005 1 179 179 1 0 0 0 1 0 0.777959 1 1 14 35 1 1.08316 1 1.16632
481 23.5351 41455.9 3.15911e+07 0 1 0 1 0.0020092 0.00405581 0.0005 1 115 172 1 0 0 0 1 0 0.777959 1 1 18 34 1 1.08299 1 1.16598
482 23.5795 41462.8 3.15963e+07 0 1 0 1 0.00200789 0.00405501 0.0005 1 72 170 1 0 0 0 1 0 0.777959 1 1 17 33 1 1.08282 1 1.16563
483 23.6235 41470.3 3.16019e+07 0 1 0 1 0.00200672 0.00405307 0.0005 1 42 176 1 0 0 0 1 0 0.777959 1 1 17 32 1 1.08264 1 1.16529
484 23.6681 41476.7 3.1607e+07 0 1 0 1 0.0020062 0.00405246 0.0005 1 172 200 1 0 0 0 1 0 0.777959 1 1 10 31 1 1.08247 1 1.16495
485 23.7122 41483.9 3.16123e+07 0 1 0 1 0.00200533 0.00405272 0.0005 1 121 213 1 0 0 0 1 0 0.777959 1 1 19 30 1 1.0823 1 1.16461
486 23.7564 41491 3.16177e+07 0 1 0 1 0.00200445 0.00405297 0.0005 1 117 202 1 0 0 0 1 0 0.777959 1 1 14 30 1 1.08214 1 1.16427
487 23.801 41497.4 3.16227e+07 0 1 0 1 0.00200415 0.00405311 0.0005 1 49 201 1 0 0 0 1 0 0.777959 1 1 19 30 1 1.08197 1 1.16393
488 23.8479 41499.7 3.16244e+07 0 1 0 1 0.00200379 0.00405411 0.0005 1 96 227 1 0 0 0 1 0 0.777959 1 1 12 30 1 1.0818 1 1.1636
489 23.8953 41501.1 3.16252e+07 0 1 0 1 0.00200345 0.00405462 0.0005 1 145 190 1 0 0 0 1 0 0.777959 1 1 20 30 1 1.08163 1 1.16327
490 23.9425 41502.9 3.16265e+07 0 1 0 1 0.00200223 0.00405307 0.0005 1 84 192 1 0 0 0 1 0 0.777959 1 1 12 30 1 1.08147 1 1.16293
491 23.9871 41509.2 3.16316e+07 0 1 0 1 0.00200247 0.00405367 0.0005 1 152 220 1 0 0 0 1 0 0.777959 1 1 18 31 1 1.0813 1 1.1626
492 24.0319 41515 3.16359e+07 0 1 0 1 0.00200245 0.00405445 0 0 0 220 0 1 0 1 0 0 0.796163 1 1 13 30 1 1.08114 1 1.16227
493 24.0774 41519.7 3.16398e+07 0 1 0 1 0.00200158 0.00405257 0.0005 1 139 139 1 0 0 0 1 0 0.796163 1 1 13 30 1 1.08097 1 1.16194
494 24.1243 41522 3.16417e+07 0 1 0 1 0.00200118 0.00405081 0.0005 1 52 151 1 0 0 0 1 0 0.796163 1 1 20 30 1 1.08081 1 1.16162
495 24.1712 41524.1 3.16431e+07 0 1 0 1 0.00200108 0.00405052 0.0005 1 28 143 1 0 0 0 1 0 0.796163 1 1 10 30 1 1.08065 1 1.16129
496 24.2186 41525.5 3.1644e+07 0 1 0 1 0.00200076 0.00405021 0.0005 1 66 185 1 0 0 0 1 0 0.796163 1 1 8 30 1 1.08048 1 1.16097
497 24.2665 41525.9 3.16447e+07 0 1 0 1 0.00199974 0.00404857 0.0005 1 49 190 1 0 0 0 1 0 0.796163 1 1 14 30 1 1.08032 1 1.16064
498 24.3126 41529.5 3.16479e+07 0 1 0 1 0.00199996 0.00404904 0.0005 1 121 209 1 0 0 0 1 0 0.796163 1 1 19 31 1 1.08016 1 1.16032
499 24.359 41532.4 3.16502e+07 0 1 0 1 0.00199917 0.00404886 0.0005 1 65 212 1 0 0 0 1 0 0.796163 1 1 8 30 1 1.08 1 1.16
500 24.4067 41533.2 3.16511e+07 0 1 0 1 0.00199968 0.00404973 0 0 0 212 0 1 0 1 0 0 0.812547 1 1 8 30 1 1.07984 1 1.15968
501 24.4541 41534.6 3.16523e+07 0 1 0 1 0.00199981 0.00405004 0.0005 1 100 100 1 0 0 0 1 0 0.812547 1 1 15 31 1 1.07968 1 1.15936
502 24.5016 41535.7 3.16531e+07 0 1 0 1 0.0019993 0.00405047 0.0005 1 114 180 1 0 0 0 1 0 0.812547 1 1 21 30 1 1.07952 1 1.15905
503 24.5476 41539.5 3.16561e+07 0 1 0 1 0.00199866 0.00404902 0.0005 1 43 189 1 0 0 0 1 0 0.812547 1 1 21 30 1 1.07937 1 1.15873
504 24.5917 41546.3 3.16609e+07 0 1 0 1 0.00199845 0.00404911 0.0005 1 213 276 1 0 0 0 1 0 0.812547 1 1 19 30 1 1.07921 1 1.15842
505 24.6366 41551.8 3.16651e+07 0 1 0 1 0.00199778 0.00404765 0.0005 1 145 281 1 0 0 0 1 0 0.812547 1 1 12 30 1 1.07905 1 1.1581
506 24.6816 41557.2 3.16689e+07 0 1 0 1 0.00199766 0.0040483 0.0005 1 104 313 1 0 0 0 1 0 0.812547 1 1 21 30 1 1.0789 1 1.15779
507 24.7262 41563.2 3.16731e+07 0 1 0 1 0.00199761 0.00404938 0 0 0 313 0 1 0 1 0 0 0.827292 1 1 17 30 1 1.07874 1 1.15748
508 24.7704 41569.9 3.16783e+07 0 1 0 1 0.00199789 0.00405039 0.0005 1 55 55 1 0 0 0 1 0 0.827292 1 1 12 31 1 1.07859 1 1.15717
509 24.8166 41573.1 3.16808e+07 0 1 0 1 0.00199786 0.00405065 0.001 1 56 95 1 0 0 0 1 0 0.827292 1 1 15 31 1 1.07843 1 1.15686
510 24.861 41579.4 3.16857e+07 0 1 0 1 0.00199831 0.00405141 0.001 1 59 120 1 0 0 0 1 0 0.827292 1 1 22 32 1 1.07828 1 1.15656
511 24.9053 41585.7 3.16904e+07 0 1 0 1 0.00199784 0.00405012 0.001 1 58 138 1 0 0 0 1 0 0.827292 1 1 18 31 1 1.07812 1 1.15625
512 24.95 41591.5 3.16951e+07 0 2 0 1 0.00199814 0.00405125 0.0005 1 174 194 1 0 0 0 1 0 0.827292 1 1 19 32 1 1.07797 1 1.15595
513 24.9949 41596.9 3.16992e+07 0 2 0 1 0.00199859 0.0040519 0.0005 1 113 215 1 0 0 0 1 0 0.827292 1 1 16 33 1 1.07782 1 1.15564
514 25.0402 41601.5 3.17026e+07 0 2 0 1 0.00199899 0.00405126 0 0 0 215 0 1 0 1 0 0 0.744563 1 1 20 32 1 1.07767 1 1.15534
515 25.087 41603.6 3.17037e+07 0 1 0 1 0.00199871 0.00405118 0 1 61 61 1 0 0 0 1 0 0.744563 1 1 20 31 1 1.07752 1 1.15504
516 25.1341 41605.3 3.17052e+07 0 2 0 1 0.00199875 0.0040505 0.001 1 99 122 1 0 0 0 1 0 0.744563 1 1 11 32 1 1.07737 1 1.15474
517 25.1823 41605.1 3.17055e+07 0 1 0 1 0.00199901 0.00404973 0.001 1 189 209 1 0 0 0 1 0 0.744563 1 1 21 33 1 1.07722 1 1.15444
518 25.2304 41605 3.17054e+07 0 1 0 1 0.00199897 0.00404936 0.001 1 44 217 1 0 0 0 1 0 0.744563 1 1 18 34 1 1.07707 1 1.15414
519 25.2782 41605.5 3.17056e+07 0 2 0 1 0.00199882 0.00404906 0.001 1 53 218 1 0 0 0 1 0 0.744563 1 1 17 33 1 1.07692 1 1.15385
520 25.3234 41610.2 3.17093e+07 0 2 0 1 0.00199908 0.00404962 0.001 1 46 234 1 0 0 0 1 0 0.744563 1 1 13 34 1 1.07678 1 1.15355
521 25.3681 41615.9 3.17136e+07 0 3 0 1 0.00199941 0.00404978 0.0005 1 60 238 1 0 0 0 1 0 0.744563 1 1 13 35 1 1.07663 1 1.15326
522 25.4126 41621.7 3.17178e+07 0 3 0 1 0.00199979 0.00405154 0 0 0 238 0 1 0 1 0 0 0.670106 1 1 17 34 1 1.07648 1 1.15296
523 25.4573 41627.2 3.17218e+07 0 1 0 1 0.002 0.00405135 0.0005 1 208 208 1 0 0 0 1 0 0.670106 1 1 11 35 1 1.07634 1 1.15267
524 25.5032 41630.7 3.17249e+07 0 1 0 1 0.00200018 0.00405145 0.002 1 202 258 1 0 0 0 1 0 0.670106 1 1 10 35 1 1.07619 1 1.15238
525 25.5503 41632.3 3.17258e+07 0 1 0 1 0.00200041 0.00405206 0.002 1 151 287 1 0 0 0 1 0 0.670106 1 1 15 35 1 1.07605 1 1.15209
526 25.5952 41637.6 3.17297e+07 0 2 0 1 0.00200073 0.00405199 0.0015 1 210 283 1 0 0 0 1 0 0.670106 1 1 18 36 1 1.0759 1 1.1518
527 25.6416 41640.1 3.17314e+07 0 2 0 1 0.00200068 0.00404957 0.0015 1 198 297 1 0 0 0 1 0 0.670106 1 1 12 35 1 1.07576 1 1.15152
528 25.689 41641.2 3.17321e+07 0 2 0 1 0.00200082 0.00404936 0.002 1 223 244 1 0 0 0 1 0 0.670106 1 1 17 36 1 1.07561 1 1.15123
529 25.7347 41645 3.17351e+07 0 2 0 1 0.00200095 0.00404842 0.0015 1 222 244 1 0 0 0 1 0 0.670106 1 1 23 37 1 1.07547 1 1.15094
530 25.7818 41646.6 3.17365e+07 0 4 0 1 0.00200115 0.00404658 0.0005 1 159 245 1 0 0 0 1 0 0.670106 1 1 25 38 1 1.07533 1 1.15066
531 25.8301 41646.1 3.17362e+07 0 2 0 1 0.00200139 0.004046 0.001 1 101 266 1 0 0 0 1 0 0.670106 1 1 27 39 1 1.07519 1 1.15038
532 25.8754 41650.5 3.17394e+07 0 2 0 1 0.00200129 0.00404408 0.0015 1 179 303 1 0 0 0 1 0 0.670106 1 1 10 38 1 1.07505 1 1.15009
533 25.9204 41655.5 3.17431e+07 0 3 0 1 0.00200128 0.00404418 0.001 1 184 311 1 0 0 0 1 0 0.670106 1 1 25 38 1 1.07491 1 1.14981
534 25.9644 41661.9 3.17476e+07 0 2 0 1 0.00200132 0.00404485 0.0015 1 217 346 1 0 0 0 1 0 0.670106 1 1 17 39 1 1.07477 1 1.14953
535 26.0101 41665.6 3.17503e+07 0 2 0 1 0.00200131 0.00404385 0.001 1 125 337 1 0 0 0 1 0 0.670106 1 1 12 38 1 1.07463 1 1.14925
536 26.0577 41666.3 3.17508e+07 0 2 0 1 0.00200147 0.00404335 0.0015 1 169 302 1 0 0 0 1 0 0.670106 1 1 22 39 1 1.07449 1 1.14898
537 26.1049 41667.5 3.17515e+07 0 3 0 1 0.00200163 0.00404334 0.001 1 156 302 1 0 0 0 1 0 0.670106 1 1 24 39 1 1.07435 1 1.1487
538 26.1525 41668.2 3.17518e+07 0 3 0 1 0.00200203 0.0040433 0.001 1 91 291 1 0 0 0 1 0 0.670106 1 1 16 40 1 1.07421 1 1.14842
539 26.1972 41673.6 3.17559e+07 0 2 0 1 0.00200231 0.00404335 0.002 1 166 297 1 0 0 0 1 0 0.670106 1 1 29 41 1 1.07407 1 1.14815
540 26.2445 41674.7 3.17563e+07 0 2 0 1 0.00200242 0.00404311 0.002 1 115 302 1 0 0 0 1 0 0.670106 1 1 20 40 1 1.07394 1 1.14787
541 26.2927 41674.4 3.1756e+07 0 1 0 1 0.00200189 0.00404209 0.002 1 189 297 1 0 0 0 1 0 0.670106 1 1 22 39 1 1.0738 1 1.1476
542 26.3405 41674.6 3.1756e+07 0 4 0 1 0.00200216 0.00404213 0.0005 1 126 269 1 0 0 0 1 0 0.670106 1 1 20 39 1 1.07366 1 1.14733
543 26.388 41675.3 3.17562e+07 0 2 0 1 0.00200186 0.00404114 0.002 1 131 282 1 0 0 0 1 0 0.670106 1 1 24 38 1 1.07353 1 1.14706
544 26.4356 41676.1 3.17565e+07 0 3 0 1 0.00200205 0.00404205 0.0015 1 172 288 1 1 0 0 1 1 0.670106 1 1 21 39 1 1.07339 1 1.14679
545 26.4797 41682.2 3.17612e+07 0 1 0 1 0.00200191 0.00404183 0 0 0 0 0 1 0 1 0 0 0.699096 1 1 26 38 1 1.07326 1 1.14652
546 26.5235 41688.9 3.17661e+07 0 1 0 1 0.00200107 0.00404044 0.0005 1 83 83 1 0 0 0 1 0 0.699096 1 1 10 37 1 1.07313 1 1.14625
547 26.5686 41693.4 3.177e+07 0 1 0 1 0.00200064 0.00403841 0.0005 1 124 175 1 0 0 0 1 0 0.699096 1 1 17 36 1 1.07299 1 1.14599
548 26.6131 41699 3.17742e+07 0 1 0 1 0.00200033 0.00403877 0.0005 1 52 191 1 0 0 0 1 0 0.699096 1 1 21 35 1 1.07286 1 1.14572
549 26.6573 41704.9 3.17787e+07 0 1 0 1 0.00199943 0.00403857 0.0005 1 86 187 1 0 0 0 1 0 0.699096 1 1 14 34 1 1.07273 1 1.14545
550 26.7016 41710.6 3.17829e+07 0 1 0 1 0.00199922 0.00403902 0.0005 1 42 191 1 0 0 0 1 0 0.699096 1 1 18 34 1 1.0726 1 1.14519
551 26.7455 41717 3.17875e+07 0 1 0 1 0.00199853 0.00403816 0.0005 1 88 195 1 0 0 0 1 0 0.699096 1 1 21 33 1 1.07246 1 1.14493
552 26.7924 41718.7 3.17888e+07 0 1 0 1 0.00199801 0.00403694 0.0005 1 46 183 1 0 0 0 1 0 0.699096 1 1 16 32 1 1.07233 1 1.14467
553 26.8375 41723.1 3.17919e+07 0 1 0 1 0.0019979 0.00403753 0.0005 1 70 211 1 0 0 0 1 0 0.699096 1 1 18 32 1 1.0722 1 1.1444
554 26.8818 41728.9 3.17962e+07 0 1 0 1 0.00199793 0.00403792 0.0005 1 79 194 1 0 0 0 1 0 0.699096 1 1 19 32 1 1.07207 1 1.14414
555 26.9265 41734 3.17999e+07 0 1 0 1 0.00199741 0.00403742 0.0005 1 76 218 1 0 0 0 1 0 0.699096 1 1 10 31 1 1.07194 1 1.14388
556 26.9719 41737.8 3.18031e+07 0 1 0 1 0.00199678 0.0040352 0.0005 1 53 217 1 0 0 0 1 0 0.699096 1 1 12 30 1 1.07181 1 1.14363
557 27.0182 41740.3 3.1805e+07 0 1 0 1 0.00199689 0.00403508 0.0005 1 80 215 1 0 0 0 1 0 0.699096 1 1 18 30 1 1.07168 1 1.14337
558 27.0663 41740 3.18052e+07 0 1 0 1 0.00199712 0.004035 0 0 0 215 0 1 0 1 0 0 0.725186 1 1 20 30 1 1.07156 1 1.14311
559 27.115 41738.8 3.18046e+07 0 1 0 1 0.00199711 0.00403492 0.0005 1 172 172 1 0 0 0 1 0 0.725186 1 1 20 30 1 1.07143 1 1.14286
560 27.1629 41738.8 3.18045e+07 0 1 0 1 0.00199705 0.00403551 0.0005 1 119 203 1 0 0 0 1 0 0.725186 1 1 13 31 1 1.0713 1 1.1426
561 27.2114 41738 3.18042e+07 0 1 0 1 0.00199723 0.00403504 0 0 0 203 0 1 0 1 0 0 0.652668 1 1 9 30 1 1.07117 1 1.14235
562 27.2592 41738.2 3.18043e+07 0 1 0 1 0.0019973 0.00403585 0.0005 1 177 177 1 0 0 0 1 0 0.652668 1 1 9 31 1 1.07105 1 1.1421
563 27.3067 41738.8 3.18049e+07 0 1 0 1 0.00199765 0.00403534 0.0015 1 60 191 1 0 0 0 1 0 0.652668 1 1 23 32 1 1.07092 1 1.14184
564 27.3526 41742 3.18075e+07 0 1 0 1 0.00199784 0.0040343 0.0015 1 55 200 1 0 0 0 1 0 0.652668 1 1 19 33 1 1.0708 1 1.14159
565 27.4003 41742.3 3.18078e+07 0 2 0 1 0.00199785 0.00403474 0.001 1 20 206 1 0 0 0 1 0 0.652668 1 1 8 33 1 1.07067 1 1.14134
566 27.4455 41746.3 3.18111e+07 0 1 0 1 0.00199787 0.00403511 0.001 1 64 212 1 0 0 0 1 0 0.652668 1 1 23 34 1 1.07055 1 1.14109
567 27.4922 41748.3 3.18123e+07 0 2 0 1 0.00199773 0.00403493 0.001 1 159 251 1 0 0 0 1 0 0.652668 1 1 19 33 1 1.07042 1 1.14085
568 27.5401 41748.3 3.18124e+07 0 1 0 1 0.00199783 0.0040357 0.0015 1 134 295 1 0 0 0 1 0 0.652668 1 1 10 34 1 1.0703 1 1.1406
569 27.5881 41748.1 3.18125e+07 0 2 0 1 0.00199832 0.00403748 0.001 1 54 303 1 0 0 0 1 0 0.652668 1 1 15 35 1 1.07018 1 1.14035
570 27.6333 41752.3 3.18155e+07 0 2 0 1 0.0019982 0.0040384 0.001 1 114 307 1 0 0 0 1 0 0.652668 1 1 19 35 1 1.07005 1 1.14011
571 27.6777 41757.6 3.18192e+07 0 2 0 1 0.00199795 0.00403758 0.0005 1 64 323 1 0 0 0 1 0 0.652668 1 1 9 34 1 1.06993 1 1.13986
572 27.7226 41762.1 3.1823e+07 0 2 0 1 0.00199851 0.0040389 0.001 1 39 308 1 0 0 0 1 0 0.652668 1 1 15 35 1 1.06981 1 1.13962
573 27.7669 41767.6 3.1827e+07 0 1 0 1 0.00199857 0.00403863 0.0015 1 208 316 1 0 0 0 1 0 0.652668 1 1 10 34 1 1.06969 1 1.13937
574 27.8122 41771.6 3.18305e+07 0 3 0 1 0.00199904 0.00403856 0.0005 1 27 317 1 0 0 0 1 0 0.652668 1 1 15 35 1 1.06957 1 1.13913
575 27.8565 41777 3.18344e+07 0 1 0 1 0.00199891 0.00403764 0.0015 1 191 312 1 0 0 0 1 0 0.652668 1 1 13 34 1 1.06944 1 1.13889
576 27.9012 41781.7 3.18382e+07 0 3 0 1 0.00199904 0.00403756 0.0005 1 159 315 1 0 0 0 1 0 0.652668 1 1 11 34 1 1.06932 1 1.13865
577 27.9458 41786.6 3.18419e+07 0 1 0 1 0.00199903 0.00403747 0.001 1 239 306 1 0 0 0 1 0 0.652668 1 1 19 33 1 1.0692 1 1.13841
578 27.9901 41792 3.18459e+07 0 1 0 1 0.00199871 0.00403716 0 1 1 307 1 0 0 0 1 0 0.652668 1 1 20 32 1 1.06908 1 1.13817
579 28.0348 41796.9 3.18495e+07 0 1 0 1 0.00199878 0.0040369 0.0015 1 136 313 1 0 0 0 1 0 0.652668 1 1 13 33 1 1.06897 1 1.13793
580 28.0795 41801.5 3.18527e+07 0 1 0 1 0.00199868 0.00403691 0.0015 1 143 332 1 0 0 0 1 0 0.652668 1 1 12 33 1 1.06885 1 1.13769
581 28.1249 41805.3 3.18556e+07 0 1 0 1 0.00199869 0.00403783 0.0015 1 149 309 1 0 0 0 1 0 0.652668 1 1 15 34 1 1.06873 1 1.13746
582 28.1701 41809.1 3.18586e+07 0 3 0 1 0.00199864 0.00403793 0.0005 1 75 306 1 0 0 0 1 0 0.652668 1 1 11 34 1 1.06861 1 1.13722
583 28.2171 41810.4 3.18592e+07 0 1 0 1 0.00199884 0.0040383 0.0015 1 111 303 1 0 0 0 1 0 0.652668 1 1 23 35 1 1.06849 1 1.13699
584 28.2623 41814.4 3.18621e+07 0 1 0 1 0.00199848 0.00403698 0.0015 1 126 333 1 1 0 0 1 1 0.652668 1 1 18 34 1 1.06838 1 1.13675
585 28.307 41819.1 3.18657e+07 0 1 0 1 0.00199735 0.00403549 0 0 0 0 0 1 0 1 0 0 0.587401 1 1 10 33 1 1.06826 1 1.13652
586 28.3515 41824 3.18696e+07 0 1 0 1 0.00199699 0.00403698 0 0 0 0 0 1 0 1 0 0 0.624661 1 1 22 32 1 1.06814 1 1.13629
587 28.3975 41826.7 3.18714e+07 0 1 0 1 0.00199703 0.00403686 0.001 1 161 161 1 0 0 0 1 0 0.624661 1 1 15 33 1 1.06803 1 1.13605
588 28.4416 41832.2 3.18754e+07 0 1 0 1 0.00199687 0.00403714 0.001 1 103 158 1 0 0 0 1 0 0.624661 1 1 13 32 1 1.06791 1 1.13582
589 28.488 41834.3 3.1877e+07 0 1 0 1 0.00199673 0.00403724 0.001 1 120 162 1 0 0 0 1 0 0.624661 1 1 8 31 1 1.0678 1 1.13559
590 28.5365 41833.3 3.18765e+07 0 2 0 1 0.00199669 0.00403725 0.0005 1 37 191 1 0 0 0 1 0 0.624661 1 1 9 31 1 1.06768 1 1.13536
591 28.5847 41832.7 3.18763e+07 0 1 0 1 0.0019966 0.00403758 0.001 1 59 188 1 0 0 0 1 0 0.624661 1 1 9 30 1 1.06757 1 1.13514
592 28.6327 41832.5 3.18765e+07 0 2 0 1 0.00199655 0.00403683 0.0005 1 125 215 1 0 0 0 1 0 0.624661 1 1 17 30 1 1.06745 1 1.13491
593 28.6807 41832.1 3.18764e+07 0 1 0 1 0.0019966 0.00403642 0.001 1 130 225 1 0 0 0 1 0 0.624661 1 1 19 30 1 1.06734 1 1.13468
594 28.7274 41833.7 3.18778e+07 0 1 0 1 0.00199682 0.00403683 0.001 1 93 212 1 0 0 0 1 0 0.624661 1 1 15 31 1 1.06723 1 1.13445
595 28.7717 41838.9 3.18819e+07 0 1 0 1 0.00199644 0.00403716 0.001 1 153 245 1 0 0 0 1 0 0.624661 1 1 12 30 1 1.06711 1 1.13423
596 28.8157 41844.5 3.1886e+07 0 1 0 1 0.00199642 0.00403746 0.001 1 65 238 1 0 0 0 1 0 0.624661 1 1 12 31 1 1.067 1 1.134
597 28.8621 41846.5 3.18873e+07 0 1 0 1 0.00199579 0.00403785 0.001 1 59 253 1 0 0 0 1 0 0.624661 1 1 12 30 1 1.06689 1 1.13378
598 28.9096 41847 3.18878e+07 0 2 0 1 0.00199578 0.00403874 0.0005 1 27 256 1 0 0 0 1 0 0.624661 1 1 16 31 1 1.06678 1 1.13356
599 28.9568 41847.8 3.1888e+07 0 1 0 1 0.00199549 0.00403903 0.001 1 155 253 1 0 0 0 1 0 0.624661 1 1 8 30 1 1.06667 1 1.13333
600 29.0045 41847.9 3.18883e+07 0 1 0 1 0.00199554 0.00403833 0.001 1 51 256 1 0 0 0 1 0 0.624661 1 1 16 31 1 1.06656 1 1.13311
601 29.0506 41850.4 3.18903e+07 0 2 0 1 0.0019958 0.00403815 0.0005 1 177 309 1 0 0 0 1 0 0.624661 1 1 8 32 1 1.06645 1 1.13289
602 29.0959 41854.1 3.18932e+07 0 2 0 1 0.00199591 0.00403849 0 0 0 309 0 1 0 1 0 0 0.658195 1 1 12 31 1 1.06633 1 1.13267
603 29.1427 41855.5 3.18941e+07 0 1 0 1 0.0019958 0.00403786 0.001 1 51 51 1 0 0 0 1 0 0.658195 1 1 15 30 1 1.06623 1 1.13245
604 29.1897 41856.7 3.18949e+07 0 1 0 1 0.00199586 0.0040385 0.0015 1 57 84 1 0 0 0 1 0 0.658195 1 1 20 31 1 1.06612 1 1.13223
605 29.2376 41856.5 3.18947e+07 0 1 0 1 0.00199577 0.00403837 0.002 1 86 158 1 0 0 0 1 0 0.658195 1 1 8 30 1 1.06601 1 1.13201
606 29.2828 41860.2 3.1898e+07 0 1 0 1 0.00199577 0.00403719 0.0015 1 39 165 1 0 0 0 1 0 0.658195 1 1 14 31 1 1.0659 1 1.1318
607 29.328 41863.8 3.19009e+07 0 2 0 1 0.00199591 0.00403833 0.0015 1 121 208 1 0 0 0 1 0 0.658195 1 1 15 32 1 1.06579 1 1.13158
608 29.3731 41867.7 3.19038e+07 0 2 0 1 0.0019959 0.00403899 0.0015 1 112 222 1 0 0 0 1 0 0.658195 1 1 20 33 1 1.06568 1 1.13136
609 29.4177 41872.2 3.1907e+07 0 1 0 1 0.00199583 0.00403947 0.002 1 80 224 1 0 0 0 1 0 0.658195 1 1 10 34 1 1.06557 1 1.13115
610 29.4617 41877.7 3.19107e+07 0 2 0 1 0.00199587 0.00404008 0.0015 1 78 236 1 0 0 0 1 0 0.658195 1 1 19 34 1 1.06547 1 1.13093
611 29.5079 41880 3.19123e+07 0 2 0 1 0.0019961 0.00404101 0.0015 1 54 234 1 0 0 0 1 0 0.658195 1 1 10 35 1 1.06536 1 1.13072
612 29.5558 41879.7 3.1912e+07 0 2 0 1 0.00199637 0.00404237 0.0015 1 90 234 1 0 0 0 1 0 0.658195 1 1 13 36 1 1.06525 1 1.13051
613 29.6042 41878.8 3.19113e+07 0 1 0 1 0.00199643 0.00404239 0.002 1 59 233 1 0 0 0 1 0 0.658195 1 1 15 36 1 1.06515 1 1.13029
614 29.6521 41878.6 3.1911e+07 0 2 0 1 0.00199641 0.00404207 0.001 1 216 297 1 0 0 0 1 0 0.658195 1 1 18 37 1 1.06504 1 1.13008
615 29.7006 41877.5 3.19104e+07 0 3 0 1 0.00199641 0.00404108 0.001 1 84 285 1 0 0 0 1 0 0.658195 1 1 10 36 1 1.06494 1 1.12987
616 29.7484 41877.5 3.19101e+07 0 2 0 1 0.00199633 0.00404007 0.002 1 140 305 1 0 0 0 1 0 0.658195 1 1 14 35 1 1.06483 1 1.12966
617 29.7951 41879 3.19109e+07 0 3 0 1 0.00199616 0.00403855 0.001 1 85 298 1 0 0 0 1 0 0.658195 1 1 10 34 1 1.06472 1 1.12945
618 29.8429 41879 3.19111e+07 0 2 0 1 0.00199626 0.0040384 0.0015 1 75 297 1 0 0 0 1 0 0.658195 1 1 14 34 1 1.06462 1 1.12924
619 29.8881 41882.5 3.19138e+07 0 2 0 1 0.00199656 0.00403926 0.001 1 161 298 1 0 0 0 1 0 0.658195 1 1 18 35 1 1.06452 1 1.12903
620 29.9341 41885 3.19157e+07 0 3 0 1 0.00199669 0.00403907 0.001 1 58 294 1 0 0 0 1 0 0.658195 1 1 9 36 1 1.06441 1 1.12882
621 29.9815 41885.5 3.19159e+07 0 1 0 1 0.00199668 0.00403843 0.002 1 168 278 1 0 0 0 1 0 0.658195 1 1 15 35 1 1.06431 1 1.12862
622 30.0274 41888.1 3.19179e+07 0 1 0 1 0.00199687 0.00403779 0 0 0 278 0 1 0 1 0 0 0.688375 1 1 13 34 1 1.06421 1 1.12841
623 30.072 41892.5 3.19215e+07 0 1 0 1 0.00199715 0.00403743 0.001 1 146 146 1 0 0 0 1 0 0.688375 1 1 18 35 1 1.0641 1 1.12821
624 30.1169 41896.6 3.19246e+07 0 3 0 1 0.00199727 0.00403687 0.0015 1 89 157 1 0 0 0 1 0 0.688375 1 1 19 36 1 1.064 1 1.128
625 30.1615 41901 3.1928e+07 0 2 0 1 0.00199732 0.00403628 0.0025 1 192 209 1 0 0 0 1 0 0.688375 1 1 13 36 1 1.0639 1 1.1278
626 30.206 41905.4 3.19313e+07 0 3 0 1 0.00199743 0.00403627 0.002 1 93 214 1 0 0 0 1 0 0.688375 1 1 18 37 1 1.0638 1 1.12759
627 30.2511 41909.1 3.19342e+07 0 3 0 1 0.00199769 0.00403526 0.002 1 207 259 1 0 0 0 1 0 0.688375 1 1 24 38 1 1.06369 1 1.12739
628 30.2958 41913.3 3.19373e+07 0 5 0 1 0.00199777 0.0040342 0.001 1 102 259 1 0 0 0 1 0 0.688375 1 1 20 37 1 1.06359 1 1.12719
629 30.2962 41912.8 3.19369e+07 0 5 0 1 0.00199773 0.00403417 0 0 0 259 0 1 0 1 0 0 0.715538 1 1 14 36 1 1.06349 1 1.12698
